-0.714211 -1.08953 -1.13504 -1.00769 -0.879635 -0.947239 0 -0.718654 -0.290468 -0.218552 -0.524728 -0.68883 0.851248 0.2736 -0.186138 1.06599 0.471988 0.00451074 -0.478096 -0.77725 -0.9539 -0.423922 -0.68781 -0.915551 -0.686344 -0.780636 -0.865757 -0.266915 -0.362987 -0.455923 0.115875 0.847448 1.15219 0.154062 -0.1035 -0.175799 -1.13532 -2.06562 -1.06964 -1.85047 -1.02244 -1.102 -0.873322 -0.942226 -1.04876 -1.14146 -0.89626 -0.974994 -0.641317 -1.24643 -0.580812 -1.14972 -0.414776 -1.2477 -0.353461 -1.15014 -0.599958 -0.703879 -0.549285 -0.642314 -0.516587 0.189824 0.535558 
-0.702341 -0.569467 -0.570667 -1.08527 -0.930731 -0.948011 0 -0.718654 -0.290468 -0.219415 -0.527885 -0.690773 0.826458 0.133781 -0.274988 1.03245 0.328588 -0.077124 -0.592658 -0.827603 -0.977955 -0.524271 -0.750605 -0.950945 -0.687585 -0.781759 -0.866789 -0.266915 -0.362987 -0.455923 0.347626 1.05606 1.27526 0.386374 -0.0464525 -0.175799 -0.419834 -1.38403 -1.06964 -1.85047 -1.02436 -1.102 -0.873322 -0.942226 -1.05028 -1.14146 -0.89626 -0.974994 -0.730189 -1.24643 -0.580812 -1.14972 -0.475399 -1.2477 -0.353461 -1.15014 -0.599958 -0.703879 -0.549285 -0.642314 -0.239181 0.482702 0.72608 
-0.688733 -0.338018 -0.346357 -1.07629 -0.978047 -0.946371 0 -0.718654 -0.9909 -0.23411 -0.549048 -0.708792 0.116378 -0.631605 -0.985584 0.138877 -0.591033 -0.867785 -0.618912 -0.79306 -0.90548 -0.570126 -0.758324 -0.929744 -0.688607 -0.782107 -0.866943 -0.266915 -0.362987 -0.455923 0.695252 1.26467 1.39833 0.386374 -0.0749765 -0.23134 0.0309413 -1.08069 -1.06964 -1.85047 -1.02605 -1.102 -0.873322 -0.942226 -1.05111 -1.14146 -0.89626 -0.974994 -0.752949 -1.24643 -0.580812 -1.14972 -0.533033 -1.2477 -0.353461 -1.15014 -0.599958 -0.703879 -0.549285 -0.642314 0.176928 0.77558 0.916602 
-0.695969 -0.438181 -0.447657 -1.10544 -0.984349 -0.945673 0 -0.718654 -1.22438 -0.250167 -0.569906 -0.727273 -0.451807 -1.16827 -1.50889 -0.515776 -1.19499 -1.4119 -0.711089 -0.793804 -0.872158 -0.645902 -0.766458 -0.897986 -0.696462 -0.785835 -0.869419 -0.266915 -0.362987 -0.455923 1.15875 1.47329 1.52139 -0.155688 -0.417264 -0.583097 0.187428 -1.08069 -1.06964 -1.85047 -1.03298 -1.102 -0.873322 -0.942226 -1.05406 -1.14146 -0.89626 -0.974994 -0.78103 -1.24643 -0.580812 -1.14972 -0.565589 -1.2477 -0.353461 -1.15014 -0.599958 -0.703879 -0.549285 -0.642314 0.731741 1.06846 1.10712 
-0.711044 -0.837916 -0.880866 -1.13444 -1.00541 -0.948711 0 -0.718654 -1.22438 -0.254366 -0.574281 -0.731604 -0.829311 -1.35375 -1.75308 -0.881875 -1.38774 -1.65077 -0.739892 -0.779028 -0.842266 -0.704882 -0.782457 -0.892131 -0.702079 -0.788894 -0.871181 -0.266915 -0.362987 -0.455923 1.73813 1.6819 1.64446 -0.600953 -0.688241 -0.856172 0.0613445 -1.08069 -1.06964 -1.85047 -1.04061 -1.102 -0.873322 -0.942226 -1.0575 -1.14146 -0.89626 -0.974994 -0.811165 -1.24643 -0.580812 -1.14972 -0.595116 -1.2477 -0.353461 -1.15014 -0.599958 -0.703879 -0.549285 -0.642314 1.42526 1.36134 1.29765 
-0.713071 -0.954905 -1.01412 -1.19861 -1.03034 -0.950048 0 -0.262309 -1.22438 -0.251867 -0.569483 -0.727186 -0.959762 -1.31246 -1.74518 -0.923939 -1.28143 -1.60271 -0.750913 -0.768988 -0.811121 -0.752182 -0.805464 -0.898932 -0.702103 -0.788837 -0.870537 -0.266915 -0.362987 -0.455923 2.20163 1.84879 1.74292 -0.930062 -0.873646 -0.638638 -0.0763612 -1.08069 -1.06964 -1.85047 -1.04571 -1.102 -0.873322 -0.942226 -1.05976 -1.14146 -0.89626 -0.974994 -0.855759 -1.24643 -0.580812 -1.14972 -0.624659 -1.2477 -0.353461 -1.15014 -0.599958 -0.703879 -0.549285 -0.642314 1.98007 1.59564 1.45006 
-0.704859 -0.622442 -0.631266 -1.35115 -1.17272 -0.949139 0 0.194037 -0.9909 -0.255766 -0.567561 -0.724875 -1.29149 -1.32176 -1.76051 -1.26471 -1.25414 -1.58577 -0.66723 -0.717289 -0.741502 -0.740072 -0.795847 -0.877595 -0.701347 -0.788812 -0.869445 -0.266915 -0.362987 -0.455923 2.43338 1.90442 1.75522 -0.69775 -0.702503 -0.536813 -0.0440394 -1.08069 -0.319092 -1.1994 -1.04902 -1.102 -0.873322 -0.942226 -1.06137 -1.14146 -0.89626 -0.974994 -0.937539 -1.24643 -0.674252 -1.14972 -0.69403 -1.2477 -0.417518 -1.15014 -0.599958 -0.703879 -0.549285 -0.642314 2.25747 1.67374 1.46912 
-0.701889 -0.555281 -0.549886 -1.33117 -1.21637 -0.949229 0 0.650382 -0.9909 -0.259335 -0.570614 -0.726712 -1.55498 -1.49112 -1.88244 -1.52791 -1.44199 -1.70782 -0.532365 -0.601234 -0.647083 -0.665365 -0.738211 -0.829845 -0.702312 -0.7894 -0.868887 -0.266915 -0.362987 -0.455923 2.43338 1.87859 1.70776 -0.388 -0.596557 -0.498464 0.00330133 -1.08069 0.15377 -0.909648 -1.05188 -1.102 -0.873322 -0.942226 -1.06277 -1.14146 -0.89626 -0.974994 -0.993151 -1.24643 -0.698181 -1.14972 -0.759004 -1.2477 -0.478416 -1.15014 -0.599958 -0.703879 -0.549285 -0.642314 2.25747 1.63748 1.39563 
-0.710196 -0.833249 -0.786294 -1.36904 -1.28852 -0.950725 0 1.10673 -0.757422 -0.256476 -0.572955 -0.727481 -1.62843 -1.67503 -1.92156 -1.58798 -1.64679 -1.76283 -0.35344 -0.482001 -0.573009 -0.560648 -0.653118 -0.776372 -0.700884 -0.789712 -0.868354 -0.266915 -0.362987 -0.455923 2.20163 1.78621 1.6137 -0.388 -0.524228 -0.5021 -0.0448599 -1.08069 0.317924 -0.909648 -1.05361 -1.102 -0.873322 -0.942226 -1.06396 -1.14146 -0.89626 -0.974994 -1.04605 -1.24643 -0.727705 -1.14972 -0.828563 -1.2477 -0.512815 -1.15014 -0.599958 -0.703879 -0.549285 -0.642314 1.98007 1.50778 1.25002 
-0.716039 -1.36027 -1.24686 -1.26257 -1.21624 -0.951902 0 1.56307 -0.757422 -0.250971 -0.571505 -0.724876 -1.32237 -1.69403 -1.79628 -1.28409 -1.68936 -1.66831 -0.204263 -0.402919 -0.510514 -0.442382 -0.592724 -0.724684 -0.697338 -0.789015 -0.8674 -0.266915 -0.362987 -0.455923 1.73813 1.63554 1.48037 -0.542875 -0.486989 -0.539899 -0.228401 -1.08069 0.185663 -0.909648 -1.05389 -1.102 -0.873322 -0.942226 -1.06472 -1.14146 -0.89626 -0.974994 -1.06397 -1.24643 -0.759389 -1.14972 -0.867057 -1.2477 -0.544014 -1.15014 -0.599958 -0.703879 -0.549285 -0.642314 1.42526 1.29625 1.04362 
-0.716519 -1.46279 -1.34605 -1.28995 -1.20661 -0.951957 0 1.56307 -0.757422 -0.248792 -0.568807 -0.721746 -0.968011 -1.57355 -1.57619 -0.953245 -1.58371 -1.49201 -0.143809 -0.360834 -0.471296 -0.388681 -0.576809 -0.691683 -0.6957 -0.787836 -0.866193 -0.266915 -0.362987 -0.455923 1.15875 1.47329 1.31218 -0.69775 -0.417264 -0.592354 -0.404215 -1.08069 0.04121 -0.909648 -1.05367 -1.102 -0.873322 -0.942226 -1.06505 -1.14146 -0.89626 -0.974994 -1.08433 -1.24643 -0.806275 -1.14972 -0.896477 -1.2477 -0.57523 -1.15014 -0.599958 -0.703879 -0.549285 -0.642314 0.731741 1.06846 0.783237 
-0.715082 -1.19672 -1.12603 -1.34786 -1.29422 -0.951261 0 1.56307 -0.757422 -0.247508 -0.568609 -0.71942 -0.715337 -1.55256 -1.41821 -0.748975 -1.59188 -1.37393 -0.0735733 -0.257368 -0.421767 -0.293743 -0.499224 -0.65319 -0.696403 -0.785812 -0.865168 -0.266915 -0.362987 -0.455923 0.695252 1.26467 1.14548 -0.69775 -0.360216 -0.642004 -0.489717 -1.08069 0.0751154 -0.909648 -1.05366 -1.102 -0.87528 -0.942226 -1.06487 -1.14146 -0.897814 -0.974994 -1.11236 -1.24643 -0.892257 -1.14972 -0.938317 -1.2477 -0.648529 -1.15014 -0.599958 -0.703879 -0.549285 -0.642314 0.176928 0.77558 0.525165 
-0.714808 -1.17133 -1.08603 -1.28405 -1.27821 -0.951235 0 1.56307 -0.757422 -0.244104 -0.565501 -0.717276 -0.458883 -1.41821 -1.3023 -0.501052 -1.45412 -1.28203 0.0116707 -0.175022 -0.37714 -0.2006 -0.42906 -0.608621 -0.696035 -0.783996 -0.864339 -0.266915 -0.362987 -0.455923 0.347626 1.05606 0.97374 -0.620313 -0.303168 -0.68955 -0.556692 -1.08069 0.124776 -0.909648 -1.05356 -1.102 -0.877007 -0.942226 -1.06433 -1.14146 -0.898653 -0.974994 -1.12483 -1.24643 -0.950727 -1.14972 -0.970797 -1.2477 -0.717182 -1.15014 -0.599958 -0.703879 -0.549285 -0.642314 -0.239181 0.482702 0.2593 
-0.715018 -1.20748 -1.09835 -1.20867 -1.27432 -0.952285 0 1.56307 -0.757422 -0.240218 -0.557938 -0.714904 -0.301049 -1.14992 -1.17606 -0.354279 -1.19133 -1.18124 0.0855904 -0.123014 -0.364687 -0.0901401 -0.36949 -0.579722 -0.694959 -0.781614 -0.863155 -0.266915 -0.362987 -0.455923 0.115875 0.847448 0.79245 -0.542875 -0.360216 -0.716964 -0.621203 -1.08069 0.0742547 -0.909648 -1.05325 -1.102 -0.884066 -0.942226 -1.06341 -1.14146 -0.901652 -0.974994 -1.12319 -1.24643 -1.00634 -1.14972 -0.997978 -1.2477 -0.790681 -1.15014 -0.599958 -0.703879 -0.549285 -0.642314 -0.516587 0.189824 -0.0213536 
-0.71422 -1.10128 -1.03644 -1.17995 -1.23521 -0.95373 0 1.56307 -0.757422 -0.239535 -0.552088 -0.713236 -0.368938 -0.907631 -1.08633 -0.444194 -0.961147 -1.11155 0.0591063 -0.0903566 -0.380225 -0.0647508 -0.313663 -0.571147 -0.69228 -0.778387 -0.861304 -0.266915 -0.362987 -0.455923 -3.95692e-18 0.638836 0.598381 -0.388 -0.445787 -0.70608 -0.657632 -1.08069 -0.118279 -0.909648 -1.05242 -1.102 -0.891847 -0.942226 -1.06203 -1.14001 -0.905146 -0.974994 -1.11737 -1.24643 -1.02518 -1.14972 -1.01535 -1.2477 -0.831355 -1.15014 -0.599958 -0.703879 -0.549285 -0.642314 -0.65529 -0.103055 -0.321793 
-0.715166 -1.2279 -1.1143 -1.27778 -1.28794 -0.953658 0 1.56307 -0.757422 -0.240777 -0.550883 -0.712469 -0.659264 -0.795678 -1.06729 -0.76131 -0.900978 -1.11062 0.0791207 -0.0467757 -0.386952 -0.0522263 -0.251885 -0.55706 -0.688553 -0.775564 -0.859285 -0.266915 -0.362987 -0.455923 -3.95692e-18 0.3885 0.413778 -0.155688 -0.559883 -0.675665 -0.711282 -1.08069 -0.302708 -0.909648 -1.05097 -1.102 -0.897046 -0.942226 -1.06033 -1.1382 -0.907448 -0.974994 -1.12629 -1.24643 -1.0466 -1.14972 -1.03837 -1.2477 -0.862441 -1.15014 -0.599958 -0.703879 -0.549285 -0.642314 -0.65529 -0.454508 -0.607576 
-0.714787 -1.16465 -1.0889 -1.27619 -1.24156 -0.95381 0 1.56307 -0.290468 -0.24186 -0.550356 -0.712779 -0.914806 -0.719728 -1.1781 -1.04446 -0.897165 -1.25611 0.153859 0.00447546 -0.355421 0.0103005 -0.19021 -0.518517 -0.682625 -0.772978 -0.857071 -0.266915 -0.362987 -0.455923 -3.95692e-18 0.138165 0.167641 -0.310563 -0.731027 -0.638638 -0.748383 -1.08069 -0.3924 -0.909648 -1.04861 -1.09978 -0.900419 -0.942226 -1.05843 -1.13654 -0.909083 -0.974994 -1.13395 -1.24643 -1.07606 -1.14972 -1.0522 -1.2477 -0.906651 -1.15014 -0.599958 -0.703879 -0.549285 -0.642314 -0.65529 -0.805962 -0.988621 
-0.715109 -1.19757 -1.13286 -1.08292 -1.17509 -0.953022 0 1.56307 -0.290468 -0.241925 -0.546983 -0.711248 -0.929009 -0.523852 -1.2239 -1.05116 -0.716955 -1.3111 0.108204 -0.0157358 -0.361573 -0.0366105 -0.174208 -0.509763 -0.675651 -0.770115 -0.85532 -0.266915 -0.362987 -0.455923 -3.95692e-18 -0.11217 -0.0784957 -0.620313 -0.816598 -0.620124 -0.786394 -1.08069 -0.462656 -0.909648 -1.04532 -1.09561 -0.90333 -0.942226 -1.0563 -1.13471 -0.910512 -0.974994 -1.11616 -1.24643 -1.08918 -1.14972 -1.05574 -1.2477 -0.94097 -1.15014 -0.599958 -0.703879 -0.549285 -0.642314 -0.65529 -0.805962 -0.988621 
-0.71661 -1.48624 -1.36931 -0.989992 -1.06978 -0.953311 0 1.56307 -0.290468 -0.239747 -0.54164 -0.707229 -0.61302 -0.211425 -1.12794 -0.721377 -0.404522 -1.22248 -0.0453466 -0.101979 -0.398405 -0.145669 -0.208301 -0.519174 -0.670321 -0.766967 -0.853239 -0.266915 -0.362987 -0.455923 -3.95692e-18 -0.362505 -0.324633 -1.0075 -0.645455 -0.675665 -0.862208 -1.08069 -0.530328 -0.909648 -1.04151 -1.09242 -0.905093 -0.942226 -1.05394 -1.13269 -0.91172 -0.974994 -1.08903 -1.23072 -1.08744 -1.14972 -1.04575 -1.2477 -0.96969 -1.15014 -0.599958 -0.703879 -0.549285 -0.642314 -0.65529 -0.454508 -0.607576 
-0.717054 -1.62058 -1.51095 -1.08104 -1.15978 -0.952854 0 1.56307 -0.290468 -0.236663 -0.538551 -0.703619 -0.0909168 0.105471 -0.897277 -0.17551 -0.0834428 -1.01055 -0.153284 -0.215212 -0.437479 -0.248005 -0.275795 -0.52247 -0.667156 -0.763872 -0.850606 -0.266915 -0.362987 -0.455923 -3.95692e-18 -0.612841 -0.57077 -0.620313 -0.559883 -0.786746 -0.948924 -1.08069 -0.568542 -0.909648 -1.03758 -1.09052 -0.905384 -0.942226 -1.0514 -1.1307 -0.912493 -0.974994 -1.07505 -1.23072 -1.08133 -1.14972 -1.04744 -1.2477 -0.988044 -1.15014 -0.599958 -0.703879 -0.549285 -0.642314 -0.65529 -0.103055 -0.226531 
-0.716965 -1.58932 -1.47683 -1.14871 -1.27671 -0.952097 0 1.56307 -0.0569905 -0.234495 -0.538039 -0.701621 0.433004 0.228223 -0.664297 0.330639 0.0384836 -0.806714 -0.1732 -0.277712 -0.447803 -0.230946 -0.285086 -0.500792 -0.66637 -0.761607 -0.848914 -0.266915 -0.362987 -0.455923 -0.115875 -0.821453 -0.816906 -0.0782504 -0.474311 -0.786746 -1.02329 -1.08069 -0.624821 -0.909648 -1.03392 -1.09005 -0.905153 -0.942226 -1.04881 -1.12925 -0.912829 -0.974994 -1.06978 -1.23072 -1.09071 -1.14972 -1.06218 -1.2477 -1.01237 -1.15014 -0.599958 -0.703879 -0.549285 -0.642314 -0.516587 0.189824 0.154513 
-0.716591 -1.47584 -1.36872 -1.09056 -1.1721 -0.950121 0 1.56307 -0.757422 -0.233247 -0.53821 -0.700023 0.779453 0.129497 -0.469857 0.638891 -0.0886333 -0.648197 -0.227751 -0.344197 -0.461737 -0.223185 -0.297039 -0.485041 -0.667886 -0.760753 -0.847934 -0.266915 -0.362987 -0.455923 -0.347626 -1.03007 -1.03843 0.308937 -0.445787 -0.657151 -1.07669 -1.08069 -0.663739 -0.909648 -1.0308 -1.09005 -0.905145 -0.942226 -1.04634 -1.1287 -0.912642 -0.974994 -1.05893 -1.23072 -1.09876 -1.14972 -1.0643 -1.2477 -1.02699 -1.15014 -0.599958 -0.703879 -0.549285 -0.642314 -0.239181 0.482702 0.497453 
-0.715006 -1.19585 -1.10785 -1.11721 -1.23555 -0.94923 0 1.56307 -0.757422 -0.231399 -0.538517 -0.698041 1.08175 -0.00972453 -0.318517 0.912913 -0.256376 -0.528738 -0.306072 -0.432933 -0.5018 -0.217049 -0.348108 -0.492395 -0.672135 -0.761063 -0.846334 -0.266915 -0.362987 -0.455923 -0.695252 -1.23868 -1.23534 0.308937 -0.531359 -0.601611 -1.09196 -1.08069 -0.703613 -0.909648 -1.02852 -1.09005 -0.905049 -0.942226 -1.04413 -1.1287 -0.912098 -0.974994 -1.05169 -1.23072 -1.08005 -1.14972 -1.07278 -1.2477 -1.03072 -1.15014 -0.599958 -0.703879 -0.549285 -0.642314 0.176928 0.77558 0.802289 
-0.710564 -0.837211 -0.820302 -1.14522 -1.22966 -0.950252 0 1.56307 -0.9909 -0.230645 -0.540123 -0.696698 1.13255 -0.197247 -0.267684 0.942248 -0.450312 -0.501731 -0.311226 -0.492488 -0.531587 -0.190396 -0.376175 -0.491239 -0.673821 -0.761072 -0.844683 -0.266915 -0.362987 -0.455923 -1.15875 -1.44729 -1.40764 0.154062 -0.616931 -0.564584 -1.06484 -1.08069 -0.783142 -0.909648 -1.02665 -1.09005 -0.904725 -0.942226 -1.0421 -1.1287 -0.91116 -0.974994 -1.04772 -1.23072 -1.05153 -1.13414 -1.07997 -1.2477 -1.02017 -1.15014 -0.599958 -0.703879 -0.549285 -0.642314 0.731741 1.06846 1.06902 
-0.709656 -0.783616 -0.795661 -1.11287 -1.20202 -0.951002 0 1.56307 -0.9909 -0.23318 -0.542445 -0.697161 0.796874 -0.355549 -0.293915 0.608045 -0.5974 -0.525875 -0.321729 -0.53588 -0.570146 -0.177882 -0.396349 -0.507166 -0.672216 -0.759945 -0.842936 -0.266915 -0.362987 -0.455923 -1.73813 -1.6559 -1.55532 -0.233125 -0.673979 -0.583097 -1.03399 -1.08069 -0.874106 -0.909648 -1.02474 -1.09005 -0.903879 -0.942226 -1.04012 -1.12818 -0.909751 -0.973549 -1.0411 -1.23072 -1.03683 -1.13414 -1.08396 -1.2477 -1.02195 -1.15014 -0.599958 -0.703879 -0.549285 -0.642314 1.42526 1.36134 1.29765 
-0.713479 -0.989019 -1.03685 -1.09603 -1.16014 -0.950506 0 1.10673 -1.22438 -0.236554 -0.542759 -0.69805 0.260183 -0.386751 -0.376101 0.0838167 -0.601743 -0.583217 -0.392935 -0.564319 -0.613632 -0.207593 -0.416003 -0.5233 -0.669839 -0.759584 -0.840845 -0.266915 -0.362987 -0.455923 -2.20163 -1.82279 -1.65377 -0.775187 -0.731027 -0.620124 -1.02725 -1.08069 -0.952111 -0.909648 -1.02268 -1.09005 -0.902405 -0.942226 -1.03824 -1.12795 -0.90803 -0.971735 -1.03351 -1.23072 -1.03129 -1.13414 -1.08383 -1.2477 -1.03753 -1.15014 -0.599958 -0.703879 -0.549285 -0.642314 1.98007 1.59564 1.45006 
-0.714754 -1.09691 -1.17431 -1.0881 -1.14216 -0.949938 0 0.650382 -1.22438 -0.238771 -0.542061 -0.698636 -0.464515 -0.375547 -0.470473 -0.61216 -0.531578 -0.630818 -0.505227 -0.611284 -0.662679 -0.326109 -0.461921 -0.541822 -0.669226 -0.759543 -0.838185 -0.266915 -0.362987 -0.455923 -2.43338 -1.90624 -1.703 -0.542875 -0.788074 -0.675665 -1.032 -1.08069 -1.00814 -0.909648 -1.02071 -1.09005 -0.900004 -0.939975 -1.03651 -1.12793 -0.906091 -0.970074 -1.0258 -1.23072 -1.01989 -1.13414 -1.08212 -1.2477 -1.03977 -1.15014 -0.599958 -0.703879 -0.549285 -0.642314 2.25747 1.71279 1.52627 
-0.711423 -0.861039 -0.892576 -1.11335 -1.15129 -0.949405 0 0.194037 -1.22438 -0.241572 -0.542719 -0.699428 -1.22139 -0.429527 -0.561275 -1.33279 -0.559713 -0.685263 -0.596475 -0.659097 -0.708345 -0.445406 -0.504697 -0.567769 -0.668967 -0.758055 -0.834718 -0.266915 -0.362987 -0.455923 -2.43338 -1.90624 -1.703 -0.000812992 -0.845122 -0.731206 -1.01324 -1.08069 -1.02415 -0.909648 -1.01885 -1.09005 -0.896647 -0.935755 -1.03475 -1.12697 -0.903927 -0.968234 -1.02072 -1.23072 -1.01227 -1.13414 -1.08131 -1.2477 -1.04873 -1.15014 -0.599958 -0.703879 -0.549285 -0.642314 2.25747 1.71279 1.52627 
-0.708265 -0.726927 -0.742287 -1.19148 -1.22584 -0.947992 0 -0.262309 -0.9909 -0.245884 -0.54532 -0.701106 -1.8348 -0.596008 -0.684047 -1.9229 -0.741704 -0.794172 -0.640136 -0.648695 -0.731456 -0.531607 -0.511026 -0.578961 -0.669084 -0.75688 -0.831344 -0.266915 -0.362987 -0.455923 -2.20163 -1.82279 -1.65377 0.386374 -0.759551 -0.768233 -0.983046 -1.08069 -0.995701 -0.909648 -1.01713 -1.09005 -0.892759 -0.932529 -1.033 -1.12622 -0.901532 -0.966212 -1.02216 -1.23072 -1.0081 -1.13414 -1.08665 -1.2477 -1.05633 -1.15014 -0.599958 -0.703879 -0.549285 -0.642314 1.98007 1.59564 1.45006 
-0.710996 -0.851924 -0.850476 -1.29248 -1.33172 -0.946483 0 -0.718654 -0.523945 -0.2479 -0.547882 -0.702961 -2.0135 -0.790089 -0.823109 -2.09714 -0.937809 -0.929935 -0.612978 -0.591382 -0.724254 -0.509311 -0.475652 -0.575008 -0.670713 -0.756727 -0.828235 -0.266915 -0.362987 -0.455923 -1.73813 -1.6559 -1.55532 0.308937 -0.731027 -0.731206 -0.966329 -1.08069 -0.963339 -0.909648 -1.0157 -1.09005 -0.88876 -0.930614 -1.03136 -1.12612 -0.898948 -0.964223 -1.03121 -1.23072 -1.00114 -1.13414 -1.10002 -1.2477 -1.06054 -1.15014 -0.599958 -0.703879 -0.549285 -0.642314 1.42526 1.36134 1.29765 
-0.715915 -1.29895 -1.26872 -1.29311 -1.27404 -0.946492 0 -0.718654 -0.290468 -0.245473 -0.548608 -0.70344 -1.75336 -0.88652 -0.850901 -1.81451 -1.02597 -0.963912 -0.485668 -0.550521 -0.702297 -0.441712 -0.448292 -0.559995 -0.675948 -0.755945 -0.825356 -0.266915 -0.362987 -0.455923 -1.15875 -1.44729 -1.43225 -0.0782504 -0.788074 -0.638638 -0.990368 -1.08069 -0.956269 -0.909648 -1.01488 -1.09005 -0.885024 -0.930138 -1.02975 -1.12562 -0.896311 -0.962768 -1.03973 -1.23072 -0.993157 -1.13414 -1.1081 -1.2477 -1.0604 -1.15014 -0.599958 -0.703879 -0.549285 -0.642314 0.731741 1.06846 1.10712 
-0.717728 -2.04527 -1.9918 -1.29602 -1.31139 -0.947789 0 -0.718654 -0.290468 -0.242071 -0.548307 -0.702608 -1.02923 -0.775157 -0.679844 -1.04045 -0.866812 -0.783362 -0.33837 -0.520419 -0.690556 -0.381531 -0.43959 -0.55221 -0.679128 -0.752961 -0.821855 -0.266915 -0.362987 -0.455923 -0.695252 -1.23868 -1.30918 -0.69775 -0.845122 -0.527556 -1.07708 -1.08069 -0.961257 -0.909648 -1.01442 -1.09005 -0.881845 -0.930138 -1.02799 -1.1237 -0.893807 -0.96222 -1.04792 -1.23072 -0.985058 -1.13414 -1.11845 -1.2477 -1.0586 -1.15014 -0.599958 -0.703879 -0.549285 -0.642314 0.176928 0.77558 0.916602 
-0.717751 -2.09953 -2.00018 -1.32266 -1.40904 -0.948987 0 -0.718654 -0.0569905 -0.239779 -0.547633 -0.701073 -0.0875227 -0.485491 -0.359861 -0.0825426 -0.521645 -0.460819 -0.18498 -0.460571 -0.674543 -0.265932 -0.384096 -0.524218 -0.672954 -0.746726 -0.818246 -0.266915 -0.362987 -0.455923 -0.347626 -1.03007 -1.18611 -0.620313 -0.731027 -0.453502 -1.16306 -1.08069 -0.941574 -0.909648 -1.0134 -1.09005 -0.879525 -0.930138 -1.02582 -1.1197 -0.891558 -0.96222 -1.05747 -1.23072 -0.979711 -1.13414 -1.13519 -1.2477 -1.05774 -1.15014 -0.599958 -0.703879 -0.549285 -0.642314 -0.239181 0.482702 0.72608 
-0.717247 -1.70298 -1.5932 -1.28895 -1.34946 -0.948273 0 -0.718654 -0.290468 -0.236863 -0.546551 -0.699923 0.756759 -0.180637 -0.111282 0.744343 -0.200093 -0.221299 -0.0425396 -0.404924 -0.610722 -0.113115 -0.327824 -0.466199 -0.665389 -0.739532 -0.814303 -0.266915 -0.362987 -0.455923 -0.115875 -0.821453 -1.06304 0.0766245 -0.559883 -0.416475 -1.21188 -1.08069 -0.9099 -0.909648 -1.01176 -1.08947 -0.87762 -0.930138 -1.0232 -1.11509 -0.889498 -0.96222 -1.06418 -1.23072 -0.981222 -1.13414 -1.1468 -1.2477 -1.06339 -1.15014 -0.599958 -0.703879 -0.549285 -0.642314 -0.516587 0.189824 0.535558 
-0.714574 -1.12352 -1.08726 -1.27571 -1.27414 -0.945705 0 -0.718654 -0.757422 -0.233238 -0.54528 -0.699868 1.28848 -0.027637 -0.0881597 1.27305 -0.0699843 -0.198056 0.0341942 -0.366321 -0.433968 -0.0655352 -0.302702 -0.297874 -0.659599 -0.732967 -0.811111 -0.266915 -0.362987 -0.455923 -3.95692e-18 -0.612841 -0.939975 0.386374 -0.417264 -0.472016 -1.21237 -1.08069 -0.892364 -0.909648 -1.0097 -1.086 -0.875665 -0.930138 -1.02022 -1.11088 -0.887477 -0.9617 -1.06964 -1.23072 -0.990742 -1.13414 -1.15263 -1.2477 -1.07751 -1.15014 -0.599958 -0.703879 -0.549285 -0.642314 -0.65529 -0.103055 0.345035 
-0.710183 -0.811335 -0.812892 -1.17725 -1.24072 -0.946733 0 -0.718654 -0.9909 -0.232905 -0.545444 -0.694819 1.34465 -0.0464797 -0.0785427 1.3284 -0.120066 -0.236605 -0.0222427 -0.345475 -0.177846 -0.108856 -0.289893 -0.0451597 -0.650694 -0.726624 -0.807912 -0.266915 -0.362987 -0.455923 -3.95692e-18 -0.404228 -0.816906 0.308937 -0.360216 -0.638638 -1.18897 -1.08069 -0.917581 -0.909648 -1.00699 -1.08067 -0.873572 -0.930138 -1.01693 -1.10681 -0.885573 -0.961468 -1.06854 -1.23072 -0.999697 -1.13414 -1.15593 -1.2477 -1.08605 -1.15014 -0.599958 -0.703879 -0.549285 -0.642314 -0.65529 -0.395933 0.154513 
-0.710249 -0.80777 -0.825131 -1.15126 -1.28016 -0.946668 0 -0.718654 -1.22438 -0.236661 -0.546978 -0.662323 0.907044 -0.122354 -0.022475 0.886726 -0.223058 -0.236533 -0.129122 -0.342729 0.102594 -0.113625 -0.267156 0.235378 -0.635999 -0.719045 -0.8043 -0.266915 -0.362987 -0.455923 -3.95692e-18 -0.237338 -0.693838 -0.000812992 -0.331692 -0.80526 -1.16656 -1.08069 -1.00854 -0.909648 -1.00319 -1.07188 -0.871562 -0.930138 -1.01326 -1.10195 -0.883807 -0.961442 -1.06588 -1.23072 -1.00831 -1.13414 -1.16159 -1.2477 -1.09699 -1.15014 -0.599958 -0.703879 -0.549285 -0.642314 -0.65529 -0.630235 -0.0360092 
-0.714045 -1.03547 -1.08695 -1.17459 -1.2995 -0.941223 0 -0.718654 -1.22438 -0.239955 -0.547305 -0.621444 0.171655 -0.142499 0.0948147 0.130564 -0.253457 -0.164871 -0.209354 -0.338443 0.394123 -0.0965525 -0.231836 0.531856 -0.623359 -0.713772 -0.801366 -0.266915 -0.362987 -0.455923 -3.95692e-18 -0.11217 -0.57077 -0.388 -0.360216 -0.509043 -1.16183 -1.08069 -1.09873 -0.909648 -0.998571 -1.06432 -0.869667 -0.930138 -1.0094 -1.09856 -0.882019 -0.960486 -1.06477 -1.23072 -1.01835 -1.13414 -1.16815 -1.2477 -1.11468 -1.15014 -0.599958 -0.703879 -0.549285 -0.642314 -0.65529 -0.805962 -0.226531 
-0.715077 -1.13726 -1.20682 -1.16768 -1.23869 -0.940976 0 -0.718654 -1.22438 -0.241415 -0.546023 -0.605689 -0.373904 -0.0596033 0.252707 -0.393369 -0.134369 -0.0347202 -0.288896 -0.298797 0.652469 -0.124779 -0.177765 0.789704 -0.616756 -0.710073 -0.79921 -0.266915 -0.362987 -0.455923 -3.95692e-18 -0.028725 -0.447701 -0.852625 -0.445787 -0.212826 -1.16451 -1.08069 -1.14995 -0.909648 -0.99366 -1.06037 -0.867915 -0.930138 -1.00548 -1.09619 -0.880242 -0.959731 -1.06331 -1.23072 -1.02541 -1.13414 -1.17068 -1.2477 -1.12694 -1.15014 -0.599958 -0.703879 -0.549285 -0.642314 -0.65529 -0.923113 -0.417054 
-0.71299 -0.963289 -0.982936 -1.19509 -1.28302 -0.940721 0 -0.718654 -0.9909 -0.243235 -0.544798 -0.588206 -0.797555 -0.0176404 0.457435 -0.813854 -0.0610718 0.167378 -0.351076 -0.107136 0.892312 -0.156414 0.0330368 1.04295 -0.607191 -0.706285 -0.797242 -0.266915 -0.362987 -0.455923 -3.95692e-18 0.0129976 -0.324633 -0.930062 -0.588407 0.0648773 -1.1551 -1.08069 -1.15046 -0.909648 -0.988254 -1.05464 -0.866451 -0.930138 -1.00151 -1.09376 -0.87857 -0.959633 -1.06349 -1.23072 -1.03115 -1.13414 -1.17572 -1.2477 -1.1331 -1.15014 -0.599958 -0.703879 -0.549285 -0.642314 -0.65529 -0.981689 -0.607576 
-0.712789 -0.962901 -0.949674 -1.29146 -1.28761 -0.937857 0 -0.718654 -0.9909 -0.244798 -0.535034 -0.554128 -1.00022 0.166129 0.679563 -1.06463 0.0546606 0.368467 -0.359923 0.24857 1.17018 -0.13245 0.396362 1.31975 -0.596417 -0.702664 -0.795701 -0.266915 -0.362987 -0.455923 -3.95692e-18 0.0129976 -0.201564 -0.930062 -0.845122 0.361094 -1.14612 -1.08069 -1.12591 -0.909648 -0.982299 -1.0482 -0.865615 -0.930138 -0.99748 -1.09144 -0.876936 -0.95913 -1.06905 -1.23072 -1.02999 -1.13414 -1.18077 -1.2477 -1.13659 -1.15014 -0.599958 -0.703879 -0.549285 -0.642314 -0.65529 -0.981689 -0.798098 
-0.715464 -1.2553 -1.1673 -1.28345 -1.25834 -0.933546 0 -0.718654 -0.9909 -0.243108 -0.481278 -0.527774 -0.796008 0.448119 0.900876 -0.896358 0.232184 0.522668 -0.282583 0.69495 1.45674 -0.100888 0.826763 1.57846 -0.592336 -0.701317 -0.793015 -0.266915 -0.362987 -0.455923 -3.95692e-18 0.0129976 -0.103109 -1.0075 -0.531359 0.638798 -1.15672 -1.08069 -1.10241 -0.909648 -0.976326 -1.04576 -0.865144 -0.930138 -0.993559 -1.09057 -0.875146 -0.957213 -1.07391 -1.23072 -1.02719 -1.13414 -1.18393 -1.2477 -1.14257 -1.15014 -0.599958 -0.703879 -0.549285 -0.642314 -0.65529 -0.981689 -0.950516 
-0.716167 -1.36948 -1.28648 -1.21603 -1.2271 -0.928608 0 -0.718654 -0.9909 -0.239498 -0.414883 -0.491511 -0.337271 0.670536 1.18228 -0.468433 0.328638 0.707524 -0.225354 1.13254 1.73906 -0.112403 1.23621 1.84487 -0.600258 -0.70371 -0.783374 -0.266915 -0.362987 -0.455923 -3.95692e-18 0.0129976 -0.0292683 -0.930062 -0.0749765 0.935014 -1.17414 -1.08069 -1.09744 -0.909648 -0.971202 -1.04576 -0.864112 -0.930138 -0.989971 -1.09057 -0.872941 -0.953207 -1.07495 -1.23072 -1.02603 -1.13414 -1.18521 -1.2477 -1.1495 -1.15014 -0.599958 -0.703879 -0.549285 -0.642314 -0.65529 -0.981689 -1.06483 
-0.715626 -1.23905 -1.24021 -1.20421 -1.19722 -0.927207 0 -0.718654 -0.9909 -0.237706 -0.389905 -0.437817 -0.0409403 0.802002 1.51754 -0.19183 0.371712 0.98702 -0.12906 1.50129 2.01002 -0.0912916 1.57775 2.09999 -0.608501 -0.708558 -0.769623 -0.266915 -0.362987 -0.455923 -3.95692e-18 0.0129976 0.0199591 -1.0075 0.40993 1.21272 -1.18261 -1.08069 -1.10026 -0.909648 -0.96689 -1.04576 -0.862438 -0.929544 -0.986847 -1.09057 -0.870281 -0.948585 -1.07533 -1.23072 -1.02449 -1.13414 -1.18483 -1.2477 -1.15218 -1.15014 -0.599958 -0.703879 -0.549285 -0.642314 -0.65529 -0.981689 -1.14104 
-0.716125 -1.3029 -1.35627 -1.21813 -1.24853 -0.924725 0 -0.718654 -1.22438 -0.237084 -0.362909 -0.399955 0.0616907 1.0131 1.84476 -0.0667112 0.608436 1.29292 0.337514 1.85019 2.25096 0.377887 1.92814 2.32628 -0.621457 -0.714338 -0.747821 -0.266915 -0.362987 -0.455923 -3.95692e-18 0.0129976 0.0445727 -0.69775 0.923361 1.54596 -1.1946 -1.08069 -1.09038 -0.909648 -0.963661 -1.04576 -0.860338 -0.926041 -0.984211 -1.09057 -0.867253 -0.944367 -1.0764 -1.23072 -1.02468 -1.13414 -1.18717 -1.2477 -1.15749 -1.15014 -0.599958 -0.703879 -0.549285 -0.642314 -0.65529 -0.981689 -1.17914 
-0.715762 -1.23577 -1.29845 -1.23138 -1.2387 -0.923075 0 -0.718654 -1.22438 -0.222149 -0.308546 -0.375638 0.681973 1.40554 2.12924 0.507723 1.04922 1.58825 1.16277 2.23476 2.49817 1.23561 2.32121 2.56622 -0.63744 -0.72015 -0.715612 -0.266915 -0.362987 -0.455923 -3.95692e-18 0.0129976 0.0445727 -0.000812992 1.46532 1.89772 -1.20206 -1.08069 -1.08096 -0.909648 -0.961648 -1.04576 -0.857574 -0.920651 -0.982034 -1.09057 -0.863905 -0.940292 -1.07808 -1.23072 -1.03053 -1.13414 -1.1889 -1.2477 -1.16283 -1.15014 -0.599958 -0.703879 -0.549285 -0.642314 -0.65529 -0.981689 -1.17914 
-0.713144 -0.970471 -1.00004 -1.21816 -1.22912 -0.920959 0 -0.718654 -1.22438 -0.146405 -0.265754 -0.355994 1.42561 1.77294 2.28777 1.1653 1.40668 1.75433 2.11245 2.63129 2.76225 2.2307 2.68627 2.81733 -0.653754 -0.723089 -0.664228 -0.266915 -0.362987 -0.455923 -3.95692e-18 0.0129976 0.0445727 0.928436 1.97875 2.24948 -1.19367 -1.08069 -1.09209 -0.909648 -0.960795 -1.04576 -0.853706 -0.911759 -0.98012 -1.09057 -0.860172 -0.935423 -1.07905 -1.23072 -1.03564 -1.13414 -1.19008 -1.2477 -1.16617 -1.15014 -0.599958 -0.703879 -0.549285 -0.642314 -0.65529 -0.981689 -1.17914 
-0.710861 -0.836702 -0.855493 -1.2154 -1.23305 -0.92269 0 -0.718654 -0.9909 -0.0562922 -0.208992 -0.344153 1.87959 2.07533 2.25439 1.49728 1.64538 1.7146 3.07272 3.03621 3.00494 3.22588 3.0626 3.03445 -0.666056 -0.709644 -0.597324 -0.266915 -0.362987 -0.455923 -3.95692e-18 0.0129976 0.0445727 2.01256 2.46365 2.52718 -1.17796 -1.08069 -1.11036 -0.909648 -0.960771 -1.04576 -0.848993 -0.904109 -0.977523 -1.09057 -0.856251 -0.932034 -1.07984 -1.23072 -1.03673 -1.13414 -1.1914 -1.2477 -1.16753 -1.15014 -0.599958 -0.703879 -0.549285 -0.642314 -0.65529 -0.981689 -1.17914 
-0.712525 -0.939807 -0.93999 -1.02217 -1.07391 -0.922087 0 -0.718654 -0.523945 -0.0240406 -0.126534 -0.337283 2.10786 2.35158 2.18632 1.57992 1.86453 1.65362 3.86851 3.40182 3.18324 4.07248 3.40376 3.18923 -0.671216 -0.683945 -0.526289 -0.266915 -0.362987 -0.455923 -3.95692e-18 0.0129976 0.0445727 2.86437 2.83446 2.74934 -1.16868 -1.08069 -1.11924 -0.909648 -0.961074 -1.04576 -0.843987 -0.900113 -0.973604 -1.07943 -0.852268 -0.929658 -1.07157 -1.23072 -1.03713 -1.13414 -1.18495 -1.2477 -1.16712 -1.15014 -0.599958 -0.703879 -0.549285 -0.642314 -0.65529 -0.981689 -1.17914 
-0.714861 -1.18537 -1.1636 -0.171829 -0.0756337 -0.922739 0 -0.718654 -0.0569905 0.0124054 -0.0692301 -0.328928 2.57309 2.65583 2.23187 2.00991 2.11872 1.72099 4.1597 3.53754 3.23288 4.43915 3.52092 3.22436 -0.674264 -0.641666 -0.436014 -0.266915 -0.362987 -0.455923 -3.95692e-18 0.0129976 0.0445727 3.48387 3.1197 2.84191 -1.17329 -1.08069 -1.13182 -0.909648 -0.961553 -1.04576 -0.838477 -0.894325 -0.967539 -1.05231 -0.848223 -0.927224 -1.02466 -0.504733 -1.03825 -1.13414 -1.13139 -0.470185 -1.1696 -1.15014 -0.599958 -0.703879 -0.549285 -0.642314 -0.65529 -0.981689 -1.17914 
-0.675367 -0.249848 -0.633922 0.660839 0.864205 -0.921614 0 -0.718654 0.643441 0.0728678 -0.0414631 -0.32708 2.79663 2.80981 2.25341 2.3314 2.34728 1.81376 3.78247 3.36896 3.06738 4.03487 3.32744 3.0433 -0.673481 -0.578359 -0.353375 -0.266915 -0.362987 -0.455923 -3.95692e-18 0.0129976 0.0445727 3.79362 3.2338 2.80488 -1.12724 -0.96514 -1.13965 -0.909648 -0.961966 -1.04576 -0.832406 -0.887804 -0.958333 -1.01169 -0.84413 -0.924898 -0.94219 0.234127 -1.04002 -1.13414 -1.03621 0.43869 -1.17143 -1.15014 -0.599958 -0.703879 -0.549285 -0.642314 -0.65529 -0.981689 -1.17914 
-0.495355 0.345798 -0.160735 1.04597 1.21946 -0.921011 0 -0.718654 1.34387 0.0416341 -0.0734849 -0.361495 2.29199 2.60826 2.07416 1.99654 2.3136 1.77008 2.85922 2.97417 2.7296 3.02461 2.91974 2.69866 -0.658369 -0.476144 -0.243474 -0.266915 -0.362987 -0.455923 -3.95692e-18 0.0129976 0.0445727 3.63875 3.14823 2.60123 -1.05145 -0.184494 -1.13084 -0.909648 -0.961464 -1.04576 -0.826318 -0.885335 -0.944128 -0.946122 -0.840144 -0.924032 -0.845919 0.575867 -1.04104 -1.13414 -0.928467 0.782244 -1.17267 -1.15014 -0.599958 -0.703879 -0.549285 -0.642314 -0.65529 -0.981689 -1.17914 
-0.445899 0.418282 -0.0884339 1.07849 1.19606 -0.92129 0 -0.718654 2.0443 -0.0463811 -0.173733 -0.428977 1.64744 2.16134 1.81887 1.52231 2.04659 1.66368 1.77626 2.47188 2.3168 1.92642 2.41566 2.28185 -0.588784 -0.341852 -0.117448 -0.266915 -0.362987 -0.455923 -3.95692e-18 0.0129976 0.0445727 3.09668 2.80594 2.32353 -0.974753 -0.0894987 -1.11437 -0.909648 -0.956917 -1.04363 -0.821095 -0.885335 -0.923561 -0.859972 -0.836496 -0.924032 -0.751876 0.604723 -1.04187 -1.13414 -0.825841 0.782244 -1.17406 -1.15014 -0.599958 -0.703879 -0.549285 -0.642314 -0.65529 -0.981689 -1.17914 
-0.613219 0.0807817 -0.359697 0.825349 0.96173 -0.920862 0 -0.718654 2.0443 -0.0560708 -0.252684 -0.480599 1.25554 1.71521 1.55384 1.37443 1.78301 1.53543 0.79573 1.96952 1.92542 0.921475 1.9106 1.8649 -0.48949 -0.197866 0.0156037 -0.266915 -0.362987 -0.455923 -3.95692e-18 0.0129976 0.0445727 2.32231 2.34956 1.99029 -0.918094 -0.0894987 -1.10463 -0.909648 -0.946846 -0.98422 -0.8167 -0.885335 -0.896495 -0.767603 -0.83332 -0.924032 -0.672056 0.604723 -1.03318 -1.13414 -0.737314 0.782244 -1.16726 -1.15014 -0.599958 -0.703879 -0.549285 -0.642314 -0.65529 -0.981689 -1.17914 
-0.605534 0.108066 -0.0864883 0.686005 0.931913 -0.920391 0 -0.718654 2.27778 -0.0474162 -0.290713 -0.511745 0.903783 1.37082 1.26129 1.14966 1.55663 1.32923 -0.00232078 1.54253 1.60165 0.00909461 1.46446 1.48671 -0.338076 -0.0166321 0.154195 -0.266915 -0.362987 -0.455923 -3.95692e-18 0.0129976 0.0445727 1.70281 1.8076 1.6015 -0.86213 -0.0894987 -1.10947 -0.909648 -0.928621 -0.893624 -0.813409 -0.885335 -0.861442 -0.651339 -0.830641 -0.924032 -0.600942 0.604723 -0.98386 -0.413847 -0.653292 0.782244 -1.11066 -0.382433 -0.599958 -0.703879 -0.549285 -0.642314 -0.65529 -0.981689 -1.17914 
-0.49788 0.345384 0.139606 0.831657 1.0622 -0.918916 0 -0.718654 2.74474 -0.108009 -0.359221 -0.558419 0.239324 0.941987 0.990802 0.515295 1.16139 1.11724 -0.383436 1.10443 1.28318 -0.454576 0.985939 1.10325 -0.122349 0.149245 0.317981 -0.266915 -0.362987 -0.455923 -3.95692e-18 0.0129976 0.0445727 0.850999 1.15155 1.15718 -0.796505 -0.0894987 -1.06116 -0.799269 -0.899122 -0.764548 -0.811357 -0.885335 -0.819575 -0.544926 -0.828427 -0.924032 -0.52641 0.604723 -0.897147 0.319214 -0.56675 0.782244 -1.01008 0.514985 -0.599958 -0.703879 -0.549285 -0.642314 -0.65529 -0.981689 -1.17914 
-0.545993 0.253314 -0.101216 0.795495 0.886108 -0.905809 0 -0.718654 2.74474 -0.183039 -0.446631 -0.609091 -0.0853747 0.467663 0.74189 0.156794 0.749319 0.956158 -0.394972 0.595233 0.932251 -0.484747 0.486822 0.743924 0.201175 0.364512 0.51119 -0.266915 -0.362987 -0.455923 -3.95692e-18 0.0129976 0.0445727 -0.000812992 0.381406 0.638798 -0.737627 -0.0894987 -0.981655 -0.0535816 -0.85309 -0.570973 -0.810487 -0.885335 -0.768895 -0.406829 -0.826481 -0.924032 -0.455946 0.604723 -0.795929 0.658271 -0.490576 0.782244 -0.896243 0.854208 -0.599958 -0.703879 -0.549285 -0.642314 -0.65529 -0.981689 -1.17914 
-0.484638 0.357162 -0.105957 0.829255 0.996336 -0.858063 0 -0.718654 2.97821 -0.21569 -0.532275 -0.653295 -0.202476 0.0844343 0.48092 0.118319 0.518899 0.838822 -0.304558 0.0499686 0.578031 -0.446182 -0.0446158 0.390656 0.556163 0.590868 0.690323 -0.266915 -0.362987 -0.455923 -3.95692e-18 0.0129976 0.0445727 -0.930062 -0.331692 0.0463638 -0.675852 -0.0894987 -0.901201 0.0371601 -0.7897 -0.358573 -0.810463 -0.885335 -0.709336 -0.261619 -0.823841 -0.924032 -0.386579 0.604723 -0.697053 0.6869 -0.412518 0.782244 -0.787805 0.854208 -0.599958 -0.703879 -0.549285 -0.642314 -0.65529 -0.981689 -1.17914 
-0.376499 0.498268 0.14019 0.843616 0.967388 -0.829167 0 -0.718654 2.74474 -0.30023 -0.662437 -0.695366 -0.469228 -0.346427 0.219196 -0.0505534 0.243888 0.713986 -0.345152 -0.50924 0.226119 -0.573223 -0.632168 0.0531216 0.852154 0.801955 0.881869 -0.266915 -0.362987 -0.455923 -3.95692e-18 0.0129976 0.0445727 -0.310563 -0.731027 -0.54607 -0.609591 0.01533 -0.841766 0.0371601 -0.712931 -0.181472 -0.810772 -0.885335 -0.642055 -0.126204 -0.819856 -0.912871 -0.319005 0.604723 -0.613131 0.6869 -0.338271 0.782244 -0.694264 0.854208 -0.599958 -0.703879 -0.549285 -0.642314 -0.65529 -0.981689 -1.17914 
-0.481003 0.376961 0.0877012 0.681393 0.767327 -0.781472 0 -0.718654 2.97821 -0.441707 -0.800718 -0.710827 -0.895784 -0.892247 -0.00403921 -0.421554 -0.199258 0.593486 -0.435967 -0.976724 -0.105087 -0.68294 -1.15 -0.247914 1.1824 0.997763 1.04437 -0.266915 -0.362987 -0.455923 -3.95692e-18 0.0129976 0.0445727 0.618687 -0.0464525 -0.601611 -0.551101 0.01533 -0.78306 0.0371601 -0.621684 0.0161259 -0.81126 -0.885335 -0.568131 -0.000590319 -0.813691 -0.885707 -0.259878 0.604723 -0.538363 0.6869 -0.274411 0.782244 -0.605484 0.854208 -0.599958 -0.703879 -0.549285 -0.642314 -0.65529 -0.981689 -1.17914 
-0.565156 0.218882 0.0705717 0.804994 0.951595 -0.720391 0 -0.718654 2.51126 -0.518285 -0.889419 -0.597758 -1.20239 -1.37738 -0.149756 -0.624175 -0.620548 0.512617 -0.586415 -1.25921 -0.399029 -0.81327 -1.47564 -0.523144 1.34408 1.20524 1.22627 -0.266915 -0.362987 -0.455923 -3.95692e-18 0.0129976 0.0691864 1.39306 0.581074 -0.00917688 -0.50166 0.01533 -0.714219 0.0371601 -0.525224 0.112864 -0.811681 -0.885335 -0.487369 0.132512 -0.804331 -0.845033 -0.198048 0.604723 -0.46 0.6869 -0.205476 0.782244 -0.514042 0.854208 -0.599958 -0.703879 -0.549285 -0.642314 -0.65529 -0.981689 -1.14104 
-0.587188 0.154669 0.0245895 0.939539 1.01134 -0.608904 0 -0.718654 2.27778 -0.52737 -0.933672 -0.393269 -1.35288 -1.53992 -0.233473 -0.742945 -0.817722 0.471548 -0.892201 -1.44143 -0.715564 -1.06327 -1.65156 -0.819998 1.48904 1.41464 1.39885 -0.266915 -0.362987 -0.455923 -3.95692e-18 0.0129976 0.118414 1.93512 1.0945 0.527716 -0.456663 0.01533 -0.652456 0.0371601 -0.424638 0.1996 -0.811169 -0.885335 -0.400017 0.266845 -0.78989 -0.77936 -0.13324 0.604723 -0.385916 0.6869 -0.136479 0.782244 -0.433553 0.854208 -0.599958 -0.703879 -0.549285 -0.642314 -0.65529 -0.981689 -1.06483 
-0.63044 0.0144336 -0.115953 0.788618 0.75598 -0.520043 0 -0.718654 1.57735 -0.524471 -0.902949 -0.224256 -1.37818 -1.47431 -0.256209 -0.803473 -0.780055 0.493742 -1.29429 -1.55367 -1.03354 -1.41404 -1.73956 -1.09486 1.52799 1.54726 1.55226 -0.266915 -0.362987 -0.455923 -3.95692e-18 0.0129976 0.192255 1.93512 1.49384 0.972042 -0.41922 0.01533 -0.587654 0.0371601 -0.325332 0.222904 -0.806534 -0.883185 -0.309707 0.351916 -0.76898 -0.693078 -0.0759781 0.604723 -0.312983 0.6869 -0.07929 0.782244 -0.351076 0.854208 -0.599958 -0.703879 -0.549285 -0.642314 -0.65529 -0.981689 -0.950516 
-0.661636 -0.132897 -0.182445 0.500174 0.461305 -0.496772 0 -0.718654 1.34387 -0.479262 -0.795982 -0.03095 -1.26829 -1.24952 -0.212912 -0.79401 -0.589448 0.57458 -1.5043 -1.57561 -1.27061 -1.59037 -1.70407 -1.30196 1.53372 1.68989 1.71023 -0.266915 -0.362987 -0.455923 -3.95692e-18 0.0129976 0.29071 1.54794 1.69351 1.3238 -0.389281 0.01533 -0.518147 0.137294 -0.228853 0.226331 -0.796269 -0.823096 -0.216151 0.443418 -0.741463 -0.600568 -0.0308315 0.604723 -0.241937 0.6869 -0.034814 0.782244 -0.272624 0.854208 -0.599958 -0.703879 -0.549285 -0.642314 -0.65529 -0.981689 -0.798098 
-0.656631 -0.117096 -0.0827187 0.488896 0.508401 -0.389458 0 -0.718654 0.876919 -0.397391 -0.680991 0.317558 -1.21463 -1.03783 -0.138534 -0.873155 -0.432299 0.667089 -1.51985 -1.58773 -1.37796 -1.66964 -1.65564 -1.41824 1.46256 1.75717 1.87951 -0.266915 -0.362987 -0.455923 -3.95692e-18 0.0129976 0.413778 1.16075 1.77908 1.56448 -0.359594 0.01533 -0.456791 0.137294 -0.138731 0.226331 -0.777691 -0.731464 -0.122655 0.48658 -0.705826 -0.484126 0.0125284 0.604723 -0.179772 0.6869 0.0100128 0.782244 -0.205147 0.854208 -0.599958 -0.703879 -0.549285 -0.642314 -0.65529 -0.981689 -0.607576 
-0.663819 -0.167436 -0.121324 0.451219 0.472717 -0.434444 0 -0.718654 0.876919 -0.345887 -0.406246 0.702009 -1.09 -0.74465 -0.0902958 -0.883099 -0.143435 0.718708 -1.55155 -1.5652 -1.35058 -1.79579 -1.56905 -1.41091 1.53279 1.87745 2.04644 -0.266915 -0.362987 -0.455923 -3.95692e-18 0.0547201 0.536847 0.618687 1.8076 1.7311 -0.332905 0.01533 -0.404928 0.137294 -0.048046 0.226331 -0.747622 -0.600913 -0.0270306 0.56374 -0.663262 -0.377551 0.0532664 0.604723 -0.114764 0.6869 0.0521982 0.782244 -0.132309 0.854208 -0.599958 -0.703879 -0.549285 -0.642314 -0.65529 -0.923113 -0.417054 
-0.680943 -0.29343 -0.259033 0.203201 0.297862 -0.278553 0 -0.718654 0.409964 -0.303343 0.0198466 0.883816 -0.82141 -0.331206 0.0834543 -0.652635 0.283349 0.83907 -1.42917 -1.4423 -1.20195 -1.68738 -1.41593 -1.29836 1.74287 2.00089 2.20714 -0.266915 -0.362987 -0.455923 -3.95692e-18 0.138165 0.659915 0.231499 1.72203 1.80515 -0.312188 0.01533 -0.357726 0.137294 0.0496372 0.35147 -0.7007 -0.405125 0.0707557 0.642927 -0.611737 -0.239243 0.0843072 0.604723 -0.0466253 0.6869 0.0869316 0.782244 -0.059404 0.854208 -0.599958 -0.703879 -0.549285 -0.642314 -0.65529 -0.805962 -0.226531 
-0.663185 -0.138276 -0.0995079 -0.000502666 0.0353235 -0.18772 0 -0.718654 1.1104 -0.2489 0.360752 1.02333 -0.491972 0.0415617 0.320281 -0.321447 0.620802 1.0019 -1.06994 -1.24756 -0.984198 -1.39022 -1.21975 -1.10888 1.77946 2.07489 2.32017 -0.266915 -0.362987 -0.455923 -3.95692e-18 0.263333 0.782983 0.231499 1.63646 1.84218 -0.285801 0.01533 -0.318448 0.137294 0.146113 0.373364 -0.636086 -0.190297 0.168629 0.690399 -0.551186 -0.0938111 0.107572 0.604723 0.0135793 0.6869 0.111482 0.782244 0.00102339 0.854208 -0.599958 -0.703879 -0.549285 -0.642314 -0.65529 -0.630235 -0.0360092 
-0.675675 -0.240781 -0.175343 -0.0278576 -0.204284 -0.153544 0 -0.718654 1.1104 -0.148024 0.735087 1.14506 -0.0870999 0.430422 0.544105 0.058862 0.940766 1.15472 -0.676604 -0.963708 -0.762488 -0.91268 -0.909322 -0.891432 1.93182 2.1704 2.40024 -0.266915 -0.362987 -0.433696 -3.95692e-18 0.430223 0.906052 0.696124 1.60793 1.87921 -0.264267 0.01533 -0.287042 0.137294 0.246627 0.464527 -0.557832 -0.0111716 0.267434 0.751669 -0.482784 0.0418108 0.129253 0.604723 0.061046 0.6869 0.12708 0.782244 0.048018 0.854208 -0.599958 -0.703879 -0.549285 -0.642314 -0.65529 -0.395933 0.154513 
-0.703147 -0.633598 -0.54835 0.109364 -0.188845 -0.121778 0 -0.718654 0.643441 0.0153946 1.38628 1.35142 0.549489 1.00122 0.832437 0.747606 1.48971 1.37647 -0.452881 -0.59527 -0.60147 -0.438816 -0.497656 -0.670905 1.94054 2.31995 2.46209 -0.266915 -0.362987 -0.35933 -3.95692e-18 0.638836 1.02912 1.00587 1.52236 1.87921 -0.258789 0.01533 -0.255901 0.137294 0.344656 0.469746 -0.464821 0.188685 0.369234 0.847613 -0.407629 0.167617 0.154807 0.604723 0.106634 0.6869 0.142757 0.782244 0.0953834 0.854208 -0.599958 -0.703879 -0.549285 -0.642314 -0.65529 -0.103055 0.345035 
-0.689335 -0.395157 -0.30971 0.185147 -0.0904204 0.0214373 0 -0.718654 0.409964 0.403079 2.07203 1.58044 1.40785 1.5874 1.15229 1.73087 2.06629 1.66836 -0.209009 -0.266175 -0.4869 0.116067 -0.123168 -0.467602 2.11156 2.44272 2.49338 -0.266915 -0.362987 -0.233012 0.115875 0.847448 1.15219 1.31562 1.3227 1.80515 -0.244225 0.01533 -0.227904 0.137294 0.447378 0.57207 -0.366497 0.286529 0.472873 0.92637 -0.325522 0.300922 0.182086 0.604723 0.149466 0.6869 0.161281 0.782244 0.139958 0.854208 -0.599958 -0.703879 -0.549285 -0.642314 -0.516587 0.189824 0.535558 
-0.655606 -0.105779 -0.0345376 0.133437 0.0804171 0.198434 0 -0.718654 -0.0569905 0.936313 2.38784 1.71973 2.05456 1.96026 1.39644 2.48128 2.43617 1.88114 0.0479299 0.0520825 -0.367659 0.562856 0.197528 -0.282818 2.01138 2.50181 2.44042 -0.266915 -0.362987 -0.054947 0.347626 1.05606 1.27526 1.39306 1.0945 1.62002 -0.219007 0.01533 -0.206172 0.137294 0.54294 0.57207 -0.263967 0.374256 0.575869 0.964278 -0.236715 0.43546 0.206962 0.604723 0.182102 0.6869 0.184921 0.782244 0.176658 0.854208 -0.599958 -0.703879 -0.549285 -0.642314 -0.239181 0.482702 0.72608 
-0.598261 0.117627 0.215245 0.0968693 0.0384589 0.175908 0 -0.718654 -0.757422 1.33117 2.56408 1.8532 2.3737 2.17241 1.55708 2.81881 2.6117 1.97992 0.218379 0.357791 -0.222673 0.878706 0.486056 -0.121254 2.0123 2.53858 2.36734 -0.266915 -0.362987 0.174974 0.695252 1.26467 1.39833 1.16075 0.752217 1.30529 -0.186058 0.01533 -0.178492 0.137294 0.635923 0.57207 -0.162742 0.397827 0.677414 0.987862 -0.1449 0.520662 0.230009 0.604723 0.206562 0.6869 0.206549 0.782244 0.202599 0.854208 -0.599958 -0.703879 -0.549285 -0.642314 0.176928 0.77558 0.916602 
-0.414406 0.471716 0.528227 0.0958888 0.226654 0.317333 0 -0.718654 -0.757422 1.67642 2.63069 2.17238 2.50503 2.20073 1.6975 2.94461 2.59213 2.04068 0.403379 0.597237 0.000449182 1.04533 0.664938 0.0749287 2.13578 2.54428 2.29626 -0.266915 -0.324346 0.43442 1.15875 1.47329 1.52139 0.463812 0.40993 0.897987 -0.140835 0.01533 -0.155903 0.137294 0.731558 0.586563 -0.0643977 0.401293 0.776424 0.991522 -0.0497855 0.612303 0.252403 0.604723 0.229358 0.6869 0.233628 0.782244 0.219081 0.854208 -0.599958 -0.703879 -0.549285 -0.642314 0.731741 1.06846 1.10712 
-0.240889 0.618898 0.703144 0.100553 0.288298 0.229383 0 -0.718654 -0.523945 2.22738 2.76687 2.59728 2.43795 2.14562 1.80312 2.86457 2.49658 2.08173 0.806214 0.757904 0.248404 1.17105 0.756173 0.257217 2.45082 2.52683 2.22657 -0.266915 -0.195067 0.693337 1.73813 1.6819 1.64446 -0.233125 0.124691 0.564743 -0.0914173 0.173427 -0.150157 0.137294 0.837645 0.775059 0.0274663 0.401293 0.872161 0.991522 0.0452678 0.655532 0.274342 0.604723 0.256225 0.6869 0.261935 0.782244 0.235645 0.854208 -0.599958 -0.703879 -0.549285 -0.642314 1.42526 1.36134 1.29765 
0.39409 0.922639 1.00117 0.371596 0.550443 0.444635 0 -0.262309 -0.757422 2.57056 2.73464 2.63535 1.99286 2.00009 1.78588 2.33023 2.31439 2.0019 1.22265 0.860413 0.419364 1.20985 0.7983 0.353402 2.71549 2.50345 2.15595 -0.266915 0.0245277 0.951266 2.20163 1.84879 1.74292 -0.775187 -0.1035 0.175959 -0.0323036 0.571504 -0.134879 0.137294 0.951719 0.933424 0.119904 0.401293 0.964541 0.991522 0.142485 0.732809 0.303874 0.604723 0.284906 0.6869 0.297681 0.782244 0.255218 0.854208 -0.599958 -0.703879 -0.549285 -0.642314 1.98007 1.59564 1.45006 
0.873033 1.04853 1.1329 0.463673 0.59472 0.563212 0 0.194037 -0.757422 2.06911 2.26741 2.36211 1.33144 1.69929 1.64619 1.5409 1.95586 1.81087 1.44805 0.869859 0.515544 1.06851 0.77724 0.416736 2.85283 2.29582 2.00772 -0.266915 0.334082 1.20802 2.43338 1.93223 1.79214 -0.69775 -0.38874 -0.194312 0.0297732 0.736489 -0.108425 0.137294 1.06835 1.0156 0.219475 0.527862 1.04718 0.991522 0.2419 0.812117 0.335379 0.604723 0.31106 0.6869 0.333864 0.782244 0.280196 0.854208 -0.599958 -0.703879 -0.549285 -0.642314 2.25747 1.71279 1.52627 
0.577926 0.987273 1.04957 0.422685 0.582691 0.653732 0 0.650382 -0.523945 1.36169 1.77566 2.02109 0.707818 1.36612 1.46742 0.776489 1.56016 1.59038 1.50494 0.851135 0.599687 0.936103 0.737859 0.462653 2.93107 2.0796 1.8459 -0.266915 0.733784 1.46327 2.43338 1.93223 1.79214 -0.388 -0.645455 -0.490529 0.0880975 0.736489 -0.0738622 0.137294 1.1851 1.06241 0.317816 0.550006 1.12015 0.991522 0.341404 0.859662 0.364873 0.604723 0.335291 0.6869 0.368753 0.782244 0.30305 0.854208 -0.599958 -0.703879 -0.549285 -0.642314 2.25747 1.71279 1.52627 
0.656775 1.00827 1.07027 0.622614 0.631609 0.793255 0 1.10673 -0.523945 0.6939 1.68106 1.77033 0.157541 1.15191 1.30323 0.156076 1.30603 1.38765 1.37756 0.868115 0.646904 0.67434 0.705491 0.476983 2.66575 1.84375 1.66936 -0.162703 1.18481 1.71696 2.20163 1.84879 1.74292 -0.388 -0.759551 -0.712692 0.145677 0.736489 -0.0264226 0.137294 1.28849 1.06241 0.420273 0.642211 1.18315 0.991522 0.441855 0.921026 0.399418 0.604723 0.358836 0.6869 0.404228 0.782244 0.331662 0.854208 -0.599958 -0.703879 -0.549285 -0.642314 1.98007 1.59564 1.45006 
1.62621 1.18805 1.26209 1.1592 1.02242 0.986746 0 1.56307 -0.290468 -0.0408068 1.55317 1.36035 -0.192634 0.898416 1.09042 -0.264787 1.00756 1.14339 0.881257 0.774359 0.580222 0.323686 0.582847 0.40543 2.14925 1.51585 1.45243 0.185962 1.63492 1.96923 1.73813 1.6819 1.64446 -0.465438 -0.502835 -0.842287 0.207999 0.919342 0.0254161 0.288311 1.36932 1.06241 0.520196 0.64749 1.23341 0.991522 0.54535 1.01712 0.448466 0.676347 0.381902 0.6869 0.450409 0.782244 0.361571 0.854208 -0.599958 -0.703879 -0.549285 -0.642314 1.42526 1.36134 1.29765 
1.85655 1.22397 1.28725 1.32927 1.12114 1.03649 0 1.56307 -0.290468 -1.08518 0.733671 0.700988 -0.561077 0.453369 0.820262 -0.688067 0.494275 0.854292 0.0754595 0.538203 0.410119 -0.207542 0.338172 0.285625 1.27167 1.14059 1.18958 0.778202 2.08331 2.22085 1.15875 1.47329 1.49678 -0.542875 -0.274644 -0.731206 0.270004 0.966427 0.0874263 0.668562 1.41462 1.06241 0.624904 0.750984 1.26981 0.991522 0.650717 1.09599 0.501115 0.827251 0.412952 0.6869 0.498341 0.782244 0.399343 0.854208 -0.599958 -0.703879 -0.549285 -0.642314 0.731741 1.06846 1.06902 
0.494957 0.952875 1.01765 1.17322 0.894757 1.1113 0 1.56307 -0.290468 -1.74134 0.00073117 0.261751 -0.778693 0.0620616 0.598084 -0.929845 0.0388509 0.618505 -0.656002 0.246009 0.229094 -0.586935 0.103818 0.183141 0.323938 0.715394 0.878549 1.61306 2.52966 2.47223 0.695252 1.26467 1.32448 -0.620313 -0.0749765 -0.620124 0.321399 0.966427 0.152545 0.826159 1.42303 1.06241 0.722313 0.750984 1.29121 0.991522 0.755428 1.13396 0.548119 0.827251 0.446076 0.6869 0.538553 0.782244 0.437574 0.854208 -0.599958 -0.703879 -0.549285 -0.642314 0.176928 0.77558 0.802289 
0.0447343 0.808914 0.835902 0.884958 0.777682 1.08966 0 1.56307 -0.290468 -1.57655 -0.331525 0.396932 -0.721928 -0.201853 0.47849 -0.825589 -0.252907 0.491788 -1.09076 -0.00522257 0.156349 -0.763639 -0.072862 0.153981 -0.520728 0.340322 0.604473 2.69105 2.9734 2.72345 0.347626 1.05606 1.12758 -0.542875 0.0105953 -0.527556 0.366784 0.966427 0.213727 0.826159 1.39974 1.06241 0.817093 0.750984 1.29979 0.991522 0.858665 1.15758 0.586033 0.827251 0.477085 0.6869 0.574449 0.782244 0.474439 0.854208 -0.599958 -0.703879 -0.549285 -0.642314 -0.239181 0.482702 0.497453 
-0.113384 0.701982 0.783663 0.65279 0.544595 1.0298 20.1758 1.56307 -0.290468 -0.83455 -0.398519 0.830611 -0.418121 -0.315982 0.440157 -0.45744 -0.370532 0.446183 -1.08245 -0.160447 0.151553 -0.659129 -0.193732 0.149844 -1.0856 0.00582587 0.390606 3.80325 3.37578 2.95234 0.115875 0.847448 0.906052 -0.310563 0.0105953 -0.379448 0.407585 0.966427 0.274127 0.826159 1.3562 1.06241 0.914577 0.765642 1.29733 0.991522 0.959324 1.16125 0.616712 0.827251 0.513406 0.6869 0.602905 0.782244 0.511923 0.854208 -0.589666 -0.519034 -0.549285 -0.642314 -0.516587 0.189824 0.154513 
0.556023 0.976281 1.04374 0.534109 0.581765 0.992975 67.5022 1.56307 -0.290468 0.0769162 -0.531819 0.911885 -0.123373 -0.383489 0.331218 -0.128317 -0.457027 0.325391 -0.756497 -0.225378 0.16871 -0.388084 -0.251666 0.115076 -1.35513 -0.217784 0.204232 4.5643 3.64641 3.10617 -3.95692e-18 0.638836 0.659915 -0.233125 -0.0179286 -0.23134 0.456305 0.966427 0.339503 1.00082 1.30386 1.06241 1.02271 0.956292 1.28775 0.991522 1.05666 1.16125 0.64347 0.827251 0.564975 0.757962 0.63173 0.782244 0.560719 0.854208 -0.555758 -0.0854427 -0.549285 -0.642314 -0.65529 -0.103055 -0.226531 
0.679739 1.00576 1.08143 0.517809 0.574193 0.995797 114.659 1.56307 -0.290468 0.512133 -0.918298 0.707367 -0.00401505 -0.526988 0.0903242 0.00824665 -0.618464 0.0669313 -0.215784 -0.283261 0.173228 -0.0635755 -0.300833 0.0673199 -1.2927 -0.502174 0.011212 4.8327 3.73496 3.1535 -3.95692e-18 0.3885 0.413778 0.0766245 -0.0179286 -0.120258 0.504836 0.966427 0.404546 1.0458 1.25498 1.06241 1.13899 1.11647 1.2694 0.991522 1.15057 1.16125 0.669171 0.827251 0.620329 0.907681 0.659676 0.782244 0.611365 0.854208 -0.499143 0.346596 -0.549285 -0.642314 -0.65529 -0.454508 -0.607576 
0.044988 0.789165 0.866898 0.433307 0.550539 0.841314 161.631 1.56307 -0.0569905 0.928719 -0.950086 0.503275 0.110906 -0.53062 -0.113888 0.113268 -0.623051 -0.151002 0.289115 -0.276546 0.169293 0.245839 -0.288931 0.030461 -1.18823 -0.694729 -0.121306 4.60939 3.64282 3.09477 -3.95692e-18 0.138165 0.167641 0.308937 -0.0749765 -0.046204 0.545401 0.966427 0.458459 1.0458 1.21095 1.06241 1.25788 1.19958 1.24544 0.991522 1.23459 1.16125 0.692057 0.827251 0.669748 0.907681 0.686334 0.782244 0.653855 0.854208 -0.420695 0.776937 -0.549285 -0.642314 -0.65529 -0.805962 -0.988621 
0.146945 0.834571 0.909016 0.585517 0.651595 0.869629 208.701 1.56307 0.409964 0.982646 -0.264471 0.415883 0.116869 -0.379292 -0.239938 0.11321 -0.451307 -0.286336 0.620478 -0.138002 0.14226 0.354456 -0.200638 0.0110559 -0.839382 -0.766507 -0.200739 3.89329 3.37029 2.93018 -3.95692e-18 -0.11217 -0.0784957 0.154062 -0.189072 -0.0647175 0.586463 0.966427 0.506068 1.0458 1.18019 1.06241 1.37688 1.24693 1.21981 0.991522 1.30878 1.16125 0.718385 0.827251 0.709611 0.907681 0.715111 0.782244 0.691783 0.854208 -0.321111 1.20818 -0.549285 -0.642314 -0.65529 -0.805962 -0.988621 
1.51605 1.17285 1.23515 1.13435 0.991613 0.952045 235.501 1.56307 0.643441 0.516346 0.30208 0.149579 -0.0315826 -0.296316 -0.376974 -0.0857581 -0.364813 -0.430152 0.5328 -0.0990728 0.0168552 0.23778 -0.167796 -0.063617 -0.571813 -0.787964 -0.286711 2.78831 2.9561 2.68216 -3.95692e-18 -0.362505 -0.324633 -0.233125 -0.360216 -0.23134 0.637061 0.966427 0.548868 1.0458 1.15942 1.06241 1.48228 1.24693 1.1941 0.991522 1.37282 1.16125 0.75825 0.827251 0.741866 0.907681 0.752307 0.782244 0.721852 0.854208 -0.210861 1.45371 -0.537527 -0.450487 -0.65529 -0.454508 -0.607576 
2.44241 1.29986 1.35177 1.32076 1.14838 0.984417 235.02 1.56307 0.176487 -0.771269 -0.109879 -0.493678 -0.437313 -0.357649 -0.54507 -0.550163 -0.437298 -0.610271 0.0804141 -0.19142 -0.217439 -0.189769 -0.251249 -0.19296 -0.405176 -0.792729 -0.383451 1.64495 2.49031 2.40394 -3.95692e-18 -0.612841 -0.57077 -0.620313 -0.502835 -0.360934 0.690418 1.06589 0.599975 1.0458 1.14485 1.06241 1.56467 1.24693 1.16881 0.991522 1.42392 1.16125 0.801975 0.827251 0.77 0.907681 0.792809 0.782244 0.752309 0.854208 -0.10329 1.45371 -0.498791 -0.000516978 -0.65529 -0.103055 -0.226531 
0.878031 1.04906 1.10982 1.14761 0.916099 1.0588 234.123 1.56307 0.643441 -1.74835 -0.373752 -0.989068 -0.743005 -0.393071 -0.66433 -0.893896 -0.480353 -0.734514 -0.473159 -0.254846 -0.445549 -0.562837 -0.271399 -0.301568 -0.530569 -0.803149 -0.531317 0.750105 2.02298 2.12906 -0.115875 -0.821453 -0.816906 -1.0075 -0.616931 -0.472016 0.735019 1.06589 0.650884 1.0458 1.12633 1.06241 1.61084 1.24693 1.14377 0.991522 1.46093 1.16125 0.840379 0.827251 0.797022 0.907681 0.826365 0.782244 0.781837 0.854208 0.00149418 1.45371 -0.434114 0.447841 -0.516587 0.189824 0.154513 
0.0823469 0.81654 0.850829 0.793626 0.749751 0.895623 233.057 1.56307 0.643441 -1.77522 -0.125227 -0.78541 -0.744806 -0.352835 -0.622495 -0.866123 -0.428413 -0.685646 -0.821697 -0.231304 -0.498337 -0.748809 -0.211495 -0.294358 -0.666385 -0.75017 -0.615047 0.10784 1.55527 1.85809 -0.347626 -1.03007 -1.03843 -0.465438 -0.788074 -0.620124 0.771696 1.06589 0.693436 1.0458 1.10365 1.06241 1.61942 1.24693 1.12084 0.991522 1.48269 1.16125 0.869133 0.827251 0.821084 0.907681 0.854901 0.782244 0.810004 0.854208 0.103504 1.45371 -0.344494 0.894438 -0.239181 0.482702 0.497453 
-0.145848 0.683606 0.758162 0.614635 0.569309 0.916871 231.692 1.56307 0.176487 -1.02216 0.0844394 -0.0988561 -0.490655 -0.277518 -0.481073 -0.55282 -0.335462 -0.537827 -0.691282 -0.147734 -0.437923 -0.603681 -0.120453 -0.229834 -0.700706 -0.624026 -0.596004 -0.279988 1.08833 1.59135 -0.695252 -1.23868 -1.23534 -0.233125 -0.845122 -0.731206 0.803651 1.06589 0.736511 1.0458 1.08031 1.06241 1.59568 1.24693 1.10209 0.991522 1.49141 1.16125 0.892859 0.827251 0.848765 0.907681 0.878218 0.782244 0.840411 0.854208 0.202691 1.45371 -0.230729 1.34197 0.176928 0.77558 0.802289 
0.259192 0.881271 0.948776 0.631421 0.584159 0.975339 230.275 1.56307 0.176487 0.146293 0.205127 0.294903 -0.180832 -0.229397 -0.380962 -0.203217 -0.298047 -0.442084 -0.329493 -0.0966099 -0.372599 -0.29319 -0.0214292 -0.174411 -0.609157 -0.499554 -0.599784 -0.410822 0.623138 1.32892 -1.15875 -1.44729 -1.40764 -0.310563 -0.731027 -0.768233 0.840712 1.06589 0.789588 1.0458 1.06048 1.06241 1.55129 1.24693 1.08736 0.991522 1.4889 1.16125 0.916489 0.827251 0.890678 0.907681 0.901415 0.782244 0.879714 0.854208 0.299122 1.45371 -0.104779 1.59678 0.731741 1.06846 1.06902 
0.318984 0.903697 0.964195 0.752414 0.564358 1.0582 228.989 1.56307 -0.0569905 1.03036 0.0965412 0.441743 0.0892615 -0.275763 -0.339315 0.105683 -0.353315 -0.406529 0.1451 -0.140972 -0.341859 0.0669195 0.00855364 -0.133839 -0.556457 -0.474686 -0.608595 -0.392487 0.199659 1.06994 -1.73813 -1.6559 -1.55532 -0.542875 -0.673979 -0.768233 0.877642 1.06589 0.845559 1.14081 1.04279 1.06241 1.49794 1.24693 1.07364 0.991522 1.47917 1.16125 0.94254 0.827251 0.93665 0.907681 0.923629 0.782244 0.92251 0.854208 0.392943 1.45371 0.0181106 1.59678 1.42526 1.36134 1.29765 
-0.0833667 0.71939 0.796811 0.649522 0.583053 0.936212 228.396 1.10673 -0.0569905 2.00337 0.272216 0.698073 0.406883 -0.212381 -0.272919 0.450793 -0.288129 -0.343636 0.531705 -0.200504 -0.275129 0.451072 0.0529096 -0.0506763 -0.538515 -0.480973 -0.569977 -0.378207 -0.126401 0.811932 -2.20163 -1.82279 -1.65377 -0.69775 -0.645455 -0.731206 0.908521 1.06589 0.892345 1.14081 1.02604 1.06241 1.44812 1.24693 1.06003 0.991522 1.46051 1.16125 0.965592 0.827251 0.977028 0.907681 0.945842 0.782244 0.957966 0.854208 0.484544 1.45371 0.137817 1.59678 1.98007 1.59564 1.45006 
0.202326 0.855992 0.929395 0.614535 0.643182 0.835118 228.177 0.650382 -0.0569905 2.30052 0.874561 1.05452 0.545313 -0.0666913 -0.180938 0.59368 -0.126766 -0.253115 0.798115 -0.122949 -0.175169 0.692135 0.143897 0.0428463 -0.144008 -0.389792 -0.48735 -0.375503 -0.357547 0.553585 -2.43338 -1.90624 -1.703 -1.0075 -0.645455 -0.694178 0.942638 1.06589 0.930819 1.14081 1.02223 1.06241 1.40324 1.24693 1.04926 0.991522 1.43616 1.16125 0.987343 0.827251 1.00726 0.907681 0.969067 0.782244 0.988117 0.854208 0.57416 1.45371 0.254353 1.59678 2.25747 1.71279 1.52627 
2.08637 1.2541 1.30815 1.27762 1.1185 0.939969 228.034 0.194037 0.176487 1.64228 1.17598 0.936694 0.354203 -0.0492962 -0.190597 0.352698 -0.115449 -0.268759 0.613828 -0.129617 -0.169098 0.666995 0.157689 0.0473289 0.0614635 -0.243835 -0.368996 -0.386951 -0.495354 0.294517 -2.43338 -1.90624 -1.703 -0.775187 -0.645455 -0.675665 0.987236 1.06589 0.96434 1.14081 1.02498 1.06241 1.37188 1.24693 1.04277 0.991522 1.4101 1.16125 1.02415 0.827251 1.0322 0.907681 1.00333 0.782244 1.01276 0.854208 0.661885 1.45371 0.367665 1.59678 2.25747 1.71279 1.52627 
3.37195 1.39239 1.42957 1.50019 1.25063 1.10583 227.936 -0.262309 0.176487 -0.0898405 0.369778 0.145522 -0.109555 -0.174952 -0.330057 -0.180646 -0.260959 -0.418889 -0.0477818 -0.292706 -0.317235 0.314175 0.0436628 -0.0500442 0.0987526 -0.229645 -0.302831 -0.413843 -0.540385 0.0347777 -2.20163 -1.82279 -1.65377 -0.930062 -0.702503 -0.675665 1.03478 1.18716 1.00322 1.14081 1.02885 1.06241 1.35071 1.24693 1.03679 0.991522 1.38396 1.16125 1.06537 0.978914 1.05705 0.907681 1.04006 0.81238 1.03727 0.854208 0.747795 1.45371 0.477828 1.59678 1.98007 1.59564 1.45006 
1.63882 1.1893 1.23593 1.35093 1.02532 1.12942 227.313 -0.718654 0.176487 -1.63322 -0.282499 -0.618562 -0.495818 -0.253674 -0.480491 -0.624235 -0.354417 -0.572762 -0.788895 -0.429159 -0.521937 -0.0649665 -0.0273606 -0.169509 -0.103795 -0.261573 -0.308026 -0.450009 -0.531886 -0.202289 -1.73813 -1.6559 -1.55532 -1.0075 -0.816598 -0.675665 1.07578 1.18716 1.04196 1.14081 1.02637 1.06241 1.33586 1.24693 1.03007 0.991522 1.35825 1.16125 1.10234 0.978914 1.08444 0.907681 1.07072 0.81238 1.06074 0.854208 0.83172 1.45371 0.585009 1.59678 1.42526 1.36134 1.29765 
0.629112 1.00197 1.03276 0.978415 0.92542 1.02631 225.129 -0.718654 0.176487 -2.16855 -0.177086 -0.700962 -0.662609 -0.256261 -0.495839 -0.809524 -0.359254 -0.585832 -1.2282 -0.474461 -0.617394 -0.298835 -0.0182125 -0.217637 -0.229474 -0.243165 -0.289996 -0.469742 -0.520835 -0.384171 -1.15875 -1.44729 -1.43225 -0.852625 -0.873646 -0.657151 1.11086 1.18716 1.07435 1.14081 1.02009 1.06241 1.31698 1.24693 1.02398 0.991522 1.33279 1.16125 1.13013 0.978914 1.10868 0.907681 1.09842 0.81238 1.08421 0.854208 0.913056 1.45371 0.689655 1.59678 0.731741 1.06846 1.10712 
0.10699 0.822138 0.87455 0.734736 0.891465 1.07129 222.973 -0.718654 0.176487 -1.80791 -0.00685038 -0.290653 -0.607166 -0.213349 -0.419934 -0.721407 -0.303452 -0.508655 -1.19069 -0.443281 -0.591585 -0.321686 -0.0137887 -0.211456 -0.36355 -0.187825 -0.197987 -0.461909 -0.505339 -0.509132 -0.695252 -1.23868 -1.30918 -0.775187 -0.759551 -0.638638 1.14041 1.18716 1.11014 1.14081 1.00986 1.06241 1.29386 1.24693 1.01948 0.991522 1.30948 1.16125 1.1519 0.978914 1.13154 0.907681 1.12479 0.81238 1.10875 0.854208 0.991892 1.45371 0.792033 1.59678 0.176928 0.77558 0.916602 
0.287858 0.88515 0.951325 0.670834 0.951305 1.06632 220.938 -0.718654 0.176487 -0.686708 0.173165 -0.0583989 -0.350887 -0.168374 -0.374759 -0.434704 -0.265872 -0.469522 -0.917924 -0.413523 -0.541361 -0.283788 -0.0460472 -0.214785 -0.304424 -0.157899 -0.164152 -0.426308 -0.485802 -0.577485 -0.347626 -1.03007 -1.18611 -0.69775 -0.645455 -0.620124 1.17107 1.18716 1.15692 1.14081 1.0016 1.06241 1.27007 1.24693 1.01586 0.991522 1.29042 1.16125 1.17183 0.978914 1.17025 0.907681 1.15202 0.81238 1.14495 0.854208 1.06835 1.45371 0.89225 1.59678 -0.239181 0.482702 0.72608 
0.555763 0.971841 1.01594 0.6277 0.948985 1.16284 219.072 -0.718654 -0.290468 0.445503 0.0139187 -0.0578583 -0.0489133 -0.22856 -0.376067 -0.099264 -0.333095 -0.47485 -0.348765 -0.40715 -0.507135 -0.169463 -0.148776 -0.254685 -0.383535 -0.152534 -0.144994 -0.365454 -0.46304 -0.589639 -0.115875 -0.821453 -1.06304 -0.930062 -0.531359 -0.527556 1.20343 1.18716 1.20679 1.25665 0.991153 1.06241 1.24986 1.24693 1.01245 0.991522 1.27543 1.16125 1.19042 0.978914 1.21358 1.05815 1.17868 0.81238 1.18377 0.883965 1.14257 1.45371 0.990394 1.59678 -0.516587 0.189824 0.535558 
0.253254 0.874983 0.915266 0.499707 0.777478 1.07572 217.972 -0.718654 -0.0569905 1.62054 -0.0651358 0.108609 0.23244 -0.249413 -0.338601 0.214431 -0.353084 -0.434723 0.244982 -0.392253 -0.430551 -0.00468174 -0.228257 -0.263633 -0.319688 -0.182577 -0.118303 -0.287573 -0.437917 -0.569152 -3.95692e-18 -0.612841 -0.939975 -0.69775 -0.38874 -0.434989 1.23264 1.18716 1.2498 1.25665 0.982785 1.06241 1.23182 1.24693 1.00833 0.991522 1.26149 1.16125 1.20587 0.978914 1.25245 1.05815 1.20095 0.81238 1.21616 0.883965 1.21493 1.45371 1.08627 1.59678 -0.65529 -0.103055 0.345035 
0.388702 0.931149 0.969723 0.557382 0.822401 0.983236 219.633 -0.718654 -0.0569905 2.04869 0.148224 0.504679 0.355497 -0.202658 -0.262566 0.352314 -0.295971 -0.349147 0.704383 -0.251699 -0.307269 0.111737 -0.243666 -0.236949 0.0047665 -0.0916212 -0.0562896 -0.220944 -0.416414 -0.550404 -3.95692e-18 -0.404228 -0.816906 -0.388 -0.274644 -0.397962 1.26275 1.18716 1.28661 1.25665 0.984049 1.06241 1.21475 1.24693 1.00662 0.991522 1.24765 1.16125 1.22227 0.978914 1.28167 1.05815 1.22381 0.81238 1.24543 0.883965 1.28659 1.45371 1.17919 1.59678 -0.65529 -0.395933 0.154513 
1.87058 1.2232 1.26971 1.15068 1.17873 1.03946 221.223 -0.718654 0.176487 1.67645 0.232819 0.53652 0.269012 -0.226767 -0.250396 0.245456 -0.328713 -0.338833 0.70373 -0.186186 -0.267129 0.0498205 -0.264588 -0.267502 0.227548 0.0922261 0.0738804 -0.188177 -0.401944 -0.536937 -3.95692e-18 -0.237338 -0.693838 -0.155688 -0.189072 -0.379448 1.29981 1.18716 1.3176 1.25665 0.991734 1.06241 1.21087 1.24693 1.00963 0.991522 1.23671 1.16125 1.25107 0.978914 1.30456 1.05815 1.25415 0.81238 1.27329 0.883965 1.35755 1.45371 1.26925 1.59678 -0.65529 -0.630235 -0.0360092 
3.46037 1.39896 1.41448 1.42408 1.29098 1.35625 222.626 -0.718654 0.176487 0.240625 -0.582577 -0.150741 -0.0620672 -0.348349 -0.364348 -0.135916 -0.470052 -0.464617 0.241437 -0.299202 -0.394093 -0.228822 -0.36194 -0.383896 0.232142 0.0665773 0.0987445 -0.187257 -0.393203 -0.528523 -3.95692e-18 -0.11217 -0.57077 -0.000812992 -0.160548 -0.379448 1.34066 1.19576 1.34976 1.25665 0.999408 1.06241 1.21367 1.24693 1.01193 0.991522 1.2301 1.16125 1.28514 0.978914 1.32551 1.05815 1.28638 0.851403 1.30206 0.883965 1.42775 1.45371 1.3566 1.59678 -0.65529 -0.805962 -0.226531 
2.05717 1.24821 1.26517 1.34183 1.05749 1.21725 223.757 -0.718654 0.409964 -1.43475 -1.25916 -0.981615 -0.463867 -0.432923 -0.521126 -0.567388 -0.55967 -0.622441 -0.352291 -0.395778 -0.58796 -0.502852 -0.419238 -0.490477 0.0348999 0.00909283 0.0493458 -0.214335 -0.389512 -0.524611 -3.95692e-18 -0.028725 -0.447701 0.0766245 -0.132024 -0.434989 1.37696 1.19576 1.38371 1.25665 1.00134 1.06241 1.21762 1.24693 1.01275 0.991522 1.22403 1.16125 1.31685 0.978914 1.34506 1.05815 1.31295 0.851403 1.33023 0.883965 1.49711 1.45371 1.44139 1.59678 -0.65529 -0.923113 -0.417054 
0.861812 1.05568 1.06841 1.0052 0.873209 1.19079 224.186 -0.718654 0.643441 -2.16641 -1.05799 -1.26555 -0.679142 -0.429925 -0.577896 -0.795765 -0.547589 -0.671112 -0.845934 -0.442943 -0.688079 -0.62704 -0.423349 -0.541037 -0.0408977 0.0554725 0.0760365 -0.260741 -0.389257 -0.523944 -3.95692e-18 0.0129976 -0.324633 -0.155688 -0.217596 -0.509043 1.40778 1.19576 1.41434 1.25665 1.0011 1.06241 1.21509 1.24693 1.0147 0.991522 1.2172 1.16125 1.34097 0.978914 1.3613 1.05815 1.33505 0.851403 1.35377 0.883965 1.56538 1.45371 1.52405 1.59678 -0.65529 -0.981689 -0.607576 
0.251023 0.879802 0.898179 0.772346 0.855309 1.22459 223.192 -0.718654 0.643441 -2.05503 -0.745318 -0.946047 -0.654957 -0.36987 -0.531708 -0.745587 -0.458297 -0.6216 -0.949436 -0.387684 -0.643199 -0.628996 -0.42635 -0.52892 -0.124064 0.102775 0.141613 -0.310126 -0.390143 -0.523689 -3.95692e-18 0.0129976 -0.201564 -0.310563 -0.331692 -0.601611 1.43369 1.19576 1.44593 1.25665 0.998554 1.06241 1.20868 1.24693 1.01778 0.991522 1.211 1.16125 1.35986 0.978914 1.37855 1.05815 1.35638 0.851403 1.37792 0.883965 1.63203 1.45371 1.60592 1.59678 -0.65529 -0.981689 -0.798098 
0.545222 0.967561 1.0136 0.728133 0.926394 1.19898 222.071 -0.718654 0.643441 -1.27394 -0.394015 -0.663351 -0.462819 -0.293764 -0.502173 -0.53872 -0.376686 -0.597008 -0.752488 -0.319231 -0.569071 -0.488973 -0.433185 -0.52192 0.0720055 0.205669 0.185925 -0.339124 -0.392396 -0.521317 -3.95692e-18 0.0129976 -0.103109 -0.465438 -0.502835 -0.694178 1.46129 1.19576 1.48481 1.25665 1.00147 1.06241 1.19825 1.24693 1.02331 0.991522 1.20643 1.16125 1.3775 0.978914 1.40883 1.05815 1.37883 0.851403 1.40997 0.883965 1.69706 1.45371 1.68698 1.59678 -0.65529 -0.981689 -0.950516 
1.03913 1.09251 1.12059 0.767124 0.90629 1.3286 221.054 -0.718654 0.643441 -0.545358 -0.55014 -0.687041 -0.28319 -0.337373 -0.519406 -0.348922 -0.434729 -0.613698 -0.310274 -0.316749 -0.559383 -0.236418 -0.475236 -0.551989 0.0700577 0.269051 0.151128 -0.34773 -0.395694 -0.5164 -3.95692e-18 0.0129976 -0.0292683 -0.620313 -0.673979 -0.777489 1.49144 1.19576 1.52766 1.26487 1.00428 1.06241 1.18984 1.24693 1.03026 0.991522 1.20275 1.16125 1.39562 0.978914 1.44464 1.05815 1.40046 0.851403 1.44404 0.922496 1.76056 1.45371 1.76718 1.59678 -0.65529 -0.981689 -1.06483 
0.346675 0.903379 0.948759 0.717135 0.736333 1.32781 220.203 -0.718654 0.643441 0.406647 -0.737364 -0.364317 -0.0881852 -0.381372 -0.463371 -0.144382 -0.485968 -0.556873 0.0880667 -0.355259 -0.460101 -0.00973438 -0.449 -0.502978 0.253672 0.19617 0.116695 -0.339231 -0.399673 -0.509718 -3.95692e-18 0.0129976 0.0199591 -0.775187 -0.845122 -0.846559 1.5165 1.19576 1.56574 1.26487 1.01202 1.06241 1.17919 1.24693 1.03536 0.991522 1.19929 1.16125 1.41241 0.978914 1.47798 1.05815 1.41817 0.851403 1.4721 0.922496 1.82262 1.45371 1.84642 1.59678 -0.65529 -0.981689 -1.14104 
0.230723 0.872006 0.905013 0.573668 0.682229 1.17626 219.887 -0.718654 0.643441 1.03756 -0.534274 0.316432 0.0979507 -0.328143 -0.347283 0.0560794 -0.424517 -0.440695 0.368963 -0.305806 -0.298057 0.112676 -0.374205 -0.407725 0.418197 0.279564 0.151446 -0.319565 -0.40493 -0.501939 -3.95692e-18 0.0129976 0.0445727 -1.0075 -0.702503 -0.800631 1.54037 1.19576 1.59807 1.26487 1.02406 1.06241 1.17066 1.24693 1.04234 0.991522 1.1951 1.16125 1.42606 0.978914 1.50335 1.05815 1.43446 0.851403 1.49546 0.922496 1.88348 1.45371 1.9244 1.59678 -0.65529 -0.981689 -1.17914 
1.1842 1.11218 1.14198 1.03763 0.946322 1.26403 219.845 -0.718654 0.876919 1.10035 -0.118477 0.579534 0.138705 -0.276434 -0.297888 0.110256 -0.376755 -0.391677 0.415789 -0.25408 -0.204932 0.0838531 -0.301734 -0.366305 0.60885 0.404269 0.209573 -0.298609 -0.410939 -0.494569 -3.95692e-18 0.0129976 0.0445727 -0.775187 -0.531359 -0.694178 1.56953 1.19576 1.62525 1.26487 1.04098 1.06241 1.17195 1.24693 1.05212 0.991522 1.19336 1.16125 1.44864 0.978914 1.5232 1.05815 1.45587 0.851403 1.51799 0.922496 1.94328 1.45371 2.00055 1.59678 -0.65529 -0.981689 -1.17914 
2.68411 1.32681 1.31582 1.40018 1.29697 1.61863 220.016 -0.718654 0.876919 0.403122 -0.314073 0.193437 -0.0355498 -0.317009 -0.359967 -0.0915042 -0.432782 -0.453689 0.0769312 -0.338673 -0.286683 -0.153038 -0.329509 -0.425756 0.649555 0.347901 0.15232 -0.286787 -0.413252 -0.490003 -3.95692e-18 0.0129976 0.0445727 -0.310563 -0.331692 -0.555327 1.60324 1.19576 1.6542 1.26487 1.05868 1.06241 1.17978 1.24693 1.06043 0.991522 1.19641 1.16125 1.47792 0.978914 1.54175 1.05815 1.48403 0.857196 1.54172 0.922496 2.00212 1.45371 2.07484 1.59678 -0.65529 -0.981689 -1.17914 
1.83729 1.22074 1.20741 1.37087 1.263 1.48635 220.236 -0.718654 0.643441 -0.670447 -0.669608 -0.354552 -0.287158 -0.369345 -0.464681 -0.354278 -0.473431 -0.549502 -0.470056 -0.472403 -0.455173 -0.541079 -0.413965 -0.535238 0.356771 0.174976 0.0758784 -0.285501 -0.413186 -0.488683 -3.95692e-18 0.0129976 0.0445727 0.0766245 -0.173226 -0.428817 1.6339 1.19576 1.68583 1.26487 1.06841 1.06241 1.1876 1.24693 1.0646 0.991522 1.19875 1.16125 1.50615 0.978914 1.5608 1.05815 1.51102 0.857196 1.56457 0.922496 2.06005 1.45371 2.14738 1.59678 -0.65529 -0.981689 -1.17914 
0.700139 1.01366 1.02442 0.984659 0.898295 1.46714 220.277 -0.718654 0.643441 -1.0671 -0.107847 -0.445543 -0.394095 -0.308469 -0.493534 -0.460353 -0.396831 -0.568673 -0.890511 -0.476979 -0.557942 -0.711851 -0.410411 -0.571997 0.0865372 0.172285 0.0337639 -0.291783 -0.411515 -0.490418 -3.95692e-18 0.0129976 0.0445727 0.386374 -0.0250596 -0.30308 1.65926 1.19576 1.71212 1.26487 1.07094 1.06241 1.18957 1.24693 1.06865 0.991522 1.19958 1.16125 1.52646 0.978914 1.57846 1.05815 1.53029 0.857196 1.58329 0.922496 2.11701 1.45371 2.21828 1.59678 -0.65529 -0.981689 -1.17914 
0.359071 0.924946 0.950789 0.600886 0.65627 1.43645 220.14 -0.718654 0.176487 -1.02289 0.55433 -0.159896 -0.390766 -0.200746 -0.444083 -0.433028 -0.277766 -0.517938 -0.867856 -0.322356 -0.518029 -0.676897 -0.324825 -0.508795 0.0940716 0.15543 0.0332934 -0.301805 -0.408213 -0.494647 -3.95692e-18 0.0129976 0.0445727 0.463812 0.0391192 -0.194312 1.68216 1.19576 1.73716 1.26487 1.07363 1.06241 1.18933 1.24693 1.07224 0.991522 1.20157 1.16125 1.53911 0.978914 1.59281 1.05815 1.54446 0.857196 1.6005 0.922496 2.17298 1.45371 2.28781 1.59678 -0.65529 -0.981689 -1.17914 
0.736103 1.0156 1.07647 0.714772 0.685834 1.42288 219.603 -0.718654 0.176487 -0.345061 0.957849 0.087323 -0.263184 -0.131364 -0.411118 -0.325402 -0.225614 -0.503601 -0.592376 -0.166379 -0.453465 -0.423655 -0.218413 -0.426836 0.140776 0.171005 0.0467143 -0.308181 -0.403233 -0.499425 -3.95692e-18 0.0129976 0.0445727 0.308937 0.0296113 -0.129515 1.70675 1.19576 1.76775 1.26487 1.07747 1.06241 1.18673 1.24693 1.07613 0.991522 1.2047 1.16125 1.5537 0.978914 1.61654 1.05815 1.55897 0.857196 1.62312 0.922496 2.22783 1.45371 2.35613 1.59678 -0.65529 -0.981689 -1.17914 
1.58516 1.18681 1.19509 0.879033 0.816716 1.69509 218.957 -0.718654 -0.290468 0.187779 0.80754 0.00458739 -0.15294 -0.181626 -0.443808 -0.247078 -0.30241 -0.548564 -0.211858 -0.108516 -0.427149 -0.131769 -0.137848 -0.360576 0.0113795 0.0550404 -0.0682366 -0.306607 -0.397762 -0.500603 -3.95692e-18 0.0129976 0.0445727 -0.0782504 -0.0749765 -0.157285 1.73479 1.19576 1.80311 1.26487 1.07796 1.06241 1.1897 1.24693 1.07736 0.991522 1.21032 1.16125 1.57114 0.978914 1.64734 1.05815 1.57578 0.857196 1.65287 0.928216 2.28155 1.45371 2.42335 1.59678 -0.65529 -0.981689 -1.17914 
0.847165 1.0423 1.03485 0.77346 0.697808 1.63975 218.43 -0.718654 -0.290468 0.850039 0.961781 0.438547 -0.0343763 -0.179956 -0.387602 -0.118849 -0.291976 -0.48438 0.148463 -0.0166061 -0.273819 0.221347 0.00938471 -0.192514 -0.109931 -0.139753 -0.203039 -0.300573 -0.391379 -0.497744 -3.95692e-18 0.0129976 0.0445727 -0.562234 -0.260382 -0.263738 1.75915 1.19576 1.83527 1.26487 1.07538 1.06241 1.19257 1.24693 1.07426 0.991522 1.21739 1.16125 1.58633 0.978914 1.67701 1.05815 1.59003 0.857196 1.6814 0.928216 2.33422 1.45371 2.48952 1.59678 -0.65529 -0.981689 -1.17914 
0.342217 0.913356 0.919585 0.612608 0.843185 1.37914 218.242 -0.718654 -0.290468 1.95385 2.11279 1.8898 0.238109 0.0112848 -0.153489 0.18533 -0.0751354 -0.246408 0.747672 0.286409 0.107996 0.611854 0.175494 0.00365711 0.136956 0.0138762 -0.0516739 -0.288688 -0.384457 -0.491484 -3.95692e-18 0.0129976 0.0445727 -0.981687 -0.493327 -0.416475 1.78025 1.19576 1.86187 1.26487 1.07902 1.06241 1.20046 1.24693 1.07458 0.991522 1.22257 1.16125 1.59831 0.978914 1.69837 1.05815 1.60683 0.857196 1.70176 0.928216 2.38597 1.45371 2.55459 1.59678 -0.65529 -0.981689 -1.17914 
0.841405 1.04234 1.07582 0.920988 0.902524 1.58262 218.274 -0.718654 -0.0569905 3.17667 3.70244 3.65942 0.512125 0.2254 0.113826 0.444521 0.120094 -0.0202097 1.25938 0.619233 0.508141 0.885462 0.365966 0.234635 0.505486 0.166904 0.051493 -0.273468 -0.377208 -0.482395 -3.95692e-18 0.0129976 0.0445727 -0.542875 -0.702503 -0.564584 1.80385 1.19576 1.8859 1.26487 1.09172 1.06241 1.21273 1.24693 1.07824 0.991522 1.22966 1.16125 1.61574 0.978914 1.71166 1.05815 1.62449 0.857196 1.71672 0.928216 2.43691 1.45371 2.61853 1.59678 -0.65529 -0.981689 -1.17914 
2.84003 1.34118 1.3167 1.38133 1.27057 1.72554 218.622 -0.718654 0.176487 2.88256 3.36542 3.48701 0.439215 0.170306 0.0986139 0.312205 0.0171026 -0.0752651 1.18389 0.608204 0.573524 0.772504 0.318875 0.222365 0.37425 0.0450566 -0.0039318 -0.258685 -0.370306 -0.472591 -3.95692e-18 0.0129976 0.0445727 -0.465438 -0.788074 -0.620124 1.83361 1.19576 1.91169 1.26487 1.10099 1.06241 1.22998 1.24693 1.0792 0.991522 1.23961 1.16125 1.64127 0.978914 1.72701 1.05815 1.6488 0.857196 1.73205 0.928216 2.48715 1.45371 2.68119 1.59678 -0.65529 -0.981689 -1.17914 
2.69008 1.32582 1.27109 1.43929 1.26012 1.73627 219.02 -0.718654 0.176487 2.1607 2.9552 3.08275 0.286859 0.119261 0.0297376 0.179243 -0.0280123 -0.141193 0.896684 0.542295 0.496794 0.530026 0.262859 0.175078 0.0414347 -0.114384 -0.093112 -0.253618 -0.367963 -0.467556 -3.95692e-18 0.0129976 0.0445727 -0.465438 -0.873646 -0.657151 1.83361 1.19576 1.94111 1.26487 1.10099 1.06241 1.24803 1.24693 1.0792 0.991522 1.24806 1.16125 1.64127 0.978914 1.74535 1.05815 1.6488 0.857196 1.74982 0.928216 2.48715 1.45371 2.74257 1.59678 -0.65529 -0.981689 -1.17914 
