570 9
-0.585805 -0.607869 -0.607856 -0.607879 -0.607881 -0.589408 0 -0.574465 -0.597015 
-0.585805 -0.607869 -0.607856 -0.607879 -0.607881 -0.589408 0 -0.574465 -0.597015 
-0.585805 -0.607869 -0.607856 -0.607879 -0.607881 -0.589408 0 -0.574465 -0.597015 
-0.585805 -0.607869 -0.607856 -0.607879 -0.607881 -0.589408 0 -0.574465 -0.597015 
-0.585805 -0.607869 -0.607856 -0.607879 -0.607881 -0.589408 0 -0.574465 -0.597015 
-0.585805 -0.607869 -0.607856 -0.607879 -0.607881 -0.589408 0 -0.574465 -0.597015 
-0.585805 -0.607869 -0.607856 -0.607879 -0.607881 -0.589408 0 -0.574465 -0.597015 
-0.585805 -0.607869 -0.607856 -0.607879 -0.607881 -0.589408 0 -0.574465 -0.597015 
-0.585805 -0.607869 -0.607856 -0.607879 -0.607881 -0.589408 0 -0.574465 -0.597015 
-0.585805 -0.607869 -0.607856 -0.607879 -0.607881 -0.589408 0 -0.574465 -0.597015 
-0.585805 -0.607869 -0.607856 -0.607879 -0.607881 -0.589408 0 -0.574465 -0.597015 
-0.585805 -0.607869 -0.607856 -0.607879 -0.607881 -0.589408 0 -0.574465 -0.597015 
-0.585805 -0.607869 -0.607856 -0.607879 -0.607881 -0.589408 0 -0.574465 -0.597015 
-0.585805 -0.607869 -0.607856 -0.607879 -0.607881 -0.589408 0 -0.574465 -0.597015 
-0.585805 -0.607869 -0.607856 -0.607879 -0.607881 -0.589408 0 -0.574465 -0.597015 
-0.585805 -0.607869 -0.607856 -0.607879 -0.607881 -0.589408 0 -0.574465 -0.597015 
-0.585805 -0.607869 -0.607856 -0.607879 -0.607881 -0.589408 0 -0.574465 -0.597015 
-0.585805 -0.607869 -0.607856 -0.607879 -0.607881 -0.589408 0 -0.574465 -0.597015 
-0.585805 -0.607869 -0.607856 -0.607879 -0.607881 -0.589408 0 -0.574465 -0.597015 
-0.585805 -0.607869 -0.607856 -0.607879 -0.607881 -0.589408 0 -0.574465 -0.597015 
-0.585805 -0.607869 -0.607856 -0.607879 -0.607881 -0.589408 0 -0.574465 -0.597015 
-0.585805 -0.607869 -0.607856 -0.607879 -0.607881 -0.589408 0 -0.574465 -0.597015 
-0.585805 -0.607869 -0.607856 -0.607879 -0.607881 -0.589408 0 -0.574465 -0.597015 
-0.585805 -0.607869 -0.607856 -0.607879 -0.607881 -0.589408 0 -0.574465 -0.597015 
-0.585805 -0.607869 -0.607856 -0.607879 -0.607881 -0.589408 0 -0.574465 -0.597015 
-0.585805 -0.607869 -0.607856 -0.607879 -0.607881 -0.589408 0 -0.574465 -0.597015 
-0.585805 -0.607869 -0.607856 -0.607879 -0.607881 -0.589408 0 -0.574465 -0.597015 
-0.585805 -0.607869 -0.607856 -0.607879 -0.607881 -0.589408 0 -0.574465 -0.597015 
-0.585805 -0.607869 -0.607856 -0.607879 -0.607881 -0.589408 0 -0.574465 -0.597015 
-0.585805 -0.607869 -0.607856 -0.607879 -0.607881 -0.589408 0 -0.574465 -0.597015 
-0.585805 -0.607869 -0.607856 -0.607879 -0.607881 -0.589408 0 -0.574465 -0.597015 
-0.585805 -0.607869 -0.607856 -0.607879 -0.607881 -0.589408 0 -0.574465 -0.597015 
-0.585805 -0.607869 -0.607856 -0.607879 -0.607881 -0.589408 0 -0.574465 -0.597015 
-0.585805 -0.607869 -0.607856 -0.607879 -0.607881 -0.589408 0 -0.574465 -0.597015 
-0.585805 -0.607869 -0.607856 -0.607879 -0.607881 -0.589408 0 -0.574465 -0.597015 
-0.585805 -0.607869 -0.607856 -0.607879 -0.607881 -0.589408 0 -0.574465 -0.597015 
-0.585805 -0.607869 -0.607856 -0.607879 -0.607881 -0.589408 0 -0.574465 -0.597015 
-0.585805 -0.607869 -0.607856 -0.607879 -0.607881 -0.589408 0 -0.574465 -0.597015 
-0.585805 -0.607869 -0.607856 -0.607879 -0.607881 -0.589408 0 -0.574465 -0.597015 
-0.585805 -0.607869 -0.607856 -0.607879 -0.607881 -0.589408 0 -0.574465 -0.597015 
-0.585805 -0.607869 -0.607856 -0.607879 -0.607881 -0.589408 0 -0.574465 -0.597015 
-0.585805 -0.607869 -0.607856 -0.607879 -0.607881 -0.589408 0 -0.574465 -0.597015 
-0.585805 -0.607869 -0.607856 -0.607879 -0.607881 -0.589408 0 -0.574465 -0.597015 
-0.585805 -0.607869 -0.607856 -0.607879 -0.607881 -0.589408 0 -0.574465 -0.597015 
-0.585805 -0.607869 -0.607856 -0.607879 -0.607881 -0.589408 0 -0.574465 -0.597015 
-0.585805 -0.607869 -0.607856 -0.607879 -0.607881 -0.589408 0 -0.574465 -0.597015 
-0.585805 -0.607869 -0.607856 -0.607879 -0.607881 -0.589408 0 -0.574465 -0.597015 
-0.585805 -0.607869 -0.607856 -0.607879 -0.607881 -0.589408 0 -0.574465 -0.597015 
-0.585805 -0.607869 -0.607856 -0.607879 -0.607881 -0.589408 0 -0.574465 -0.597015 
-0.585805 -0.607869 -0.607856 -0.607879 -0.607881 -0.589408 0 -0.574465 -0.597015 
-0.585805 -0.607869 -0.607856 -0.607879 -0.607881 -0.589408 0 -0.574465 -0.597015 
-0.585805 -0.607869 -0.607856 -0.607879 -0.607881 -0.589408 0 -0.574465 -0.597015 
-0.585805 -0.607869 -0.607856 -0.607879 -0.607881 -0.589408 0 -0.574465 -0.597015 
-0.585805 -0.607869 -0.607856 -0.607879 -0.607881 -0.589408 0 -0.574465 -0.597015 
-0.585805 -0.607869 -0.607856 -0.607879 -0.607881 -0.589408 0 -0.574465 -0.597015 
-0.585805 -0.607869 -0.607856 -0.607879 -0.607881 -0.589408 0 -0.574465 -0.597015 
-0.585805 -0.607869 -0.607856 -0.607879 -0.607881 -0.589408 0 -0.574465 -0.597015 
-0.585805 -0.607869 -0.607856 -0.607879 -0.607881 -0.589408 0 -0.574465 -0.597015 
-0.585805 -0.607869 -0.607856 -0.607879 -0.607881 -0.589408 0 -0.574465 -0.597015 
-0.585805 -0.607869 -0.607856 -0.607879 -0.607881 -0.589408 0 -0.574465 -0.597015 
-0.585805 -0.607869 -0.607856 -0.607879 -0.607881 -0.589408 0 -0.574465 -0.597015 
-0.585805 -0.607869 -0.607856 -0.607879 -0.607881 -0.589408 0 -0.574465 -0.597015 
-0.585805 -0.607869 -0.607856 -0.607879 -0.607881 -0.589408 0 -0.574465 -0.597015 
-0.585805 -0.607869 -0.607856 -0.607879 -0.607881 -0.589408 0 -0.574465 -0.597015 
-0.585805 -0.607869 -0.607856 -0.607879 -0.607881 -0.589408 0 -0.574465 -0.597015 
-0.585805 -0.607869 -0.607856 -0.607879 -0.607881 -0.589408 0 -0.574465 -0.597015 
-0.585805 -0.607869 -0.607856 -0.607879 -0.607881 -0.589408 0 -0.574465 -0.597015 
-0.585805 -0.607869 -0.607856 -0.607879 -0.607881 -0.589408 0 -0.574465 -0.597015 
-0.585805 -0.607869 -0.607856 -0.607879 -0.607881 -0.589408 0 -0.574465 -0.597015 
-0.585805 -0.607869 -0.607856 -0.607879 -0.607881 -0.589408 0 -0.574465 -0.597015 
-0.585805 -0.607869 -0.607856 -0.607879 -0.607881 -0.589408 0 -0.574465 -0.597015 
-0.585805 -0.607869 -0.607856 -0.607879 -0.607881 -0.589408 0 -0.574465 -0.597015 
-0.585805 -0.607869 -0.607856 -0.607879 -0.607881 -0.589408 0 -0.574465 -0.597015 
-0.585805 -0.607869 -0.607856 -0.607879 -0.607881 -0.589408 0 -0.574465 -0.597015 
-0.585805 -0.607869 -0.607856 -0.607879 -0.607881 -0.589408 0 -0.574465 -0.597015 
-0.585805 -0.607869 -0.607856 -0.607879 -0.607881 -0.589408 0 -0.574465 -0.597015 
-0.585805 -0.607869 -0.607856 -0.607879 -0.607881 -0.589408 0 -0.574465 -0.597015 
-0.585805 -0.607869 -0.607856 -0.607879 -0.607881 -0.589408 0 -0.574465 -0.597015 
-0.585805 -0.607869 -0.607856 -0.607879 -0.607881 -0.589408 0 -0.574465 -0.597015 
-0.585805 -0.607869 -0.607856 -0.607879 -0.607881 -0.589408 0 -0.574465 -0.597015 
-0.585805 -0.607869 -0.607856 -0.607879 -0.607881 -0.589408 0 -0.574465 -0.597015 
-0.585805 -0.607869 -0.607856 -0.607879 -0.607881 -0.589408 0 -0.574465 -0.597015 
-0.585805 -0.607869 -0.607856 -0.607879 -0.607881 -0.589408 0 -0.574465 -0.597015 
-0.585805 -0.607869 -0.607856 -0.607879 -0.607881 -0.589408 0 -0.574465 -0.597015 
-0.585805 -0.607869 -0.607856 -0.607879 -0.607881 -0.589408 0 -0.574465 -0.597015 
-0.585805 -0.607869 -0.607856 -0.607879 -0.607881 -0.589408 0 -0.574465 -0.597015 
-0.585805 -0.607869 -0.607856 -0.607879 -0.607881 -0.589408 0 -0.574465 -0.597015 
-0.585805 -0.607869 -0.607856 -0.607879 -0.607881 -0.589408 0 -0.574465 -0.597015 
-0.585805 -0.607869 -0.607856 -0.607879 -0.607881 -0.589408 0 -0.574465 -0.597015 
-0.585805 -0.607869 -0.607856 -0.607879 -0.607881 -0.589408 0 -0.574465 -0.597015 
-0.585805 -0.607869 -0.607856 -0.607879 -0.607881 -0.589408 0 -0.574465 -0.597015 
-0.585805 -0.607869 -0.607856 -0.607879 -0.607881 -0.589408 0 -0.574465 -0.597015 
-0.585805 -0.607869 -0.607856 -0.607879 -0.607881 -0.589408 0 -0.574465 -0.597015 
-0.585805 -0.607869 -0.607856 -0.607879 -0.607881 -0.589408 0 -0.574465 -0.597015 
-0.585805 -0.607869 -0.607856 -0.607879 -0.607881 -0.589408 0 -0.574465 -0.597015 
-0.585805 -0.607869 -0.607856 -0.607879 -0.607881 -0.589408 0 -0.574465 -0.597015 
-0.585805 -0.607869 -0.607856 -0.607879 -0.607881 -0.589408 0 -0.574465 -0.597015 
-0.585805 -0.607869 -0.607856 -0.607879 -0.607881 -0.589408 0 -0.574465 -0.597015 
-0.585805 -0.607869 -0.607856 -0.607879 -0.607881 -0.589408 0 -0.574465 -0.597015 
-0.585805 -0.607869 -0.607856 -0.607879 -0.607881 -0.589408 0 -0.574465 -0.597015 
-0.585805 -0.607869 -0.607856 -0.607879 -0.607881 -0.589408 0 -0.574465 -0.597015 
-0.585805 -0.607869 -0.607856 -0.607879 -0.607881 -0.589408 0 -0.574465 -0.597015 
-0.585805 -0.607869 -0.607856 -0.607879 -0.607881 -0.589408 0 -0.574465 -0.597015 
-0.585805 -0.607869 -0.607856 -0.607879 -0.607881 -0.589408 0 -0.574465 -0.597015 
-0.585805 -0.607869 -0.607856 -0.607879 -0.607881 -0.589408 0 -0.574465 -0.597015 
-0.585805 -0.607869 -0.607856 -0.607879 -0.607881 -0.589408 0 -0.574465 -0.597015 
-0.585805 -0.607869 -0.607856 -0.607879 -0.607881 -0.589408 0 -0.574465 -0.597015 
-0.585805 -0.607869 -0.607856 -0.607879 -0.607881 -0.589408 0 -0.574465 -0.597015 
-0.585805 -0.607869 -0.607856 -0.607879 -0.607881 -0.589408 0 -0.574465 -0.597015 
-0.585805 -0.607869 -0.607856 -0.607879 -0.607881 -0.589408 0 -0.574465 -0.597015 
-0.585805 -0.607869 -0.607856 -0.607879 -0.607881 -0.589408 0 -0.574465 -0.597015 
-0.585805 -0.607869 -0.607856 -0.607879 -0.607881 -0.589408 0 -0.574465 -0.597015 
-0.585805 -0.607869 -0.607856 -0.607879 -0.607881 -0.589408 0 -0.574465 -0.597015 
-0.585805 -0.607869 -0.607856 -0.607879 -0.607881 -0.589408 0 -0.574465 -0.597015 
-0.585805 -0.607869 -0.607856 -0.607879 -0.607881 -0.589408 0 -0.574465 -0.597015 
-0.585805 -0.607869 -0.607856 -0.607879 -0.607881 -0.589408 0 -0.574465 -0.597015 
-0.585805 -0.607869 -0.607856 -0.607879 -0.607881 -0.589408 0 -0.574465 -0.597015 
-0.585805 -0.607869 -0.607856 -0.607879 -0.607881 -0.589408 0 -0.574465 -0.597015 
-0.585805 -0.607869 -0.607856 -0.607879 -0.607881 -0.589408 0 -0.574465 -0.597015 
-0.585805 -0.607869 -0.607856 -0.607879 -0.607881 -0.589408 0 -0.574465 -0.597015 
-0.585805 -0.607869 -0.607856 -0.607879 -0.607881 -0.589408 0 -0.574465 -0.597015 
-0.585805 -0.607869 -0.607856 -0.607879 -0.607881 -0.589408 0 -0.574465 -0.597015 
-0.585805 -0.607869 -0.607856 -0.607879 -0.607881 -0.589408 0 -0.574465 -0.597015 
-0.585805 -0.607869 -0.607856 -0.607879 -0.607881 -0.589408 0 -0.574465 -0.597015 
-0.585805 -0.607869 -0.607856 -0.607879 -0.607881 -0.589408 0 -0.574465 -0.597015 
-0.585805 -0.607869 -0.607856 -0.607879 -0.607881 -0.589408 0 -0.574465 -0.597015 
-0.585805 -0.607869 -0.607856 -0.607879 -0.607881 -0.589408 0 -0.574465 -0.597015 
-0.585805 -0.607869 -0.607856 -0.607879 -0.607881 -0.589408 0 -0.574465 -0.597015 
-0.585805 -0.607869 -0.607856 -0.607879 -0.607881 -0.589408 0 -0.574465 -0.597015 
-0.585805 -0.607869 -0.607856 -0.607879 -0.607881 -0.589408 0 -0.574465 -0.597015 
-0.585805 -0.607869 -0.607856 -0.607879 -0.607881 -0.589408 0 -0.574465 -0.597015 
-0.585805 -0.607869 -0.607856 -0.607879 -0.607881 -0.589408 0 -0.574465 -0.597015 
-0.585805 -0.607869 -0.607856 -0.607879 -0.607881 -0.589408 0 -0.574465 -0.597015 
-0.585805 -0.607869 -0.607856 -0.607879 -0.607881 -0.589408 0 -0.574465 -0.597015 
-0.585805 -0.607869 -0.607856 -0.607879 -0.607881 -0.589408 0 -0.574465 -0.597015 
-0.585805 -0.607869 -0.607856 -0.607879 -0.607881 -0.589408 0 -0.574465 -0.597015 
-0.585805 -0.607869 -0.607856 -0.607879 -0.607881 -0.589408 0 -0.574465 -0.597015 
-0.585805 -0.607869 -0.607856 -0.607879 -0.607881 -0.589408 0 -0.574465 -0.597015 
-0.585805 -0.607869 -0.607856 -0.607879 -0.607881 -0.589408 0 -0.574465 -0.597015 
-0.585805 -0.607869 -0.607856 -0.607879 -0.607881 -0.589408 0 -0.574465 -0.597015 
-0.585805 -0.607869 -0.607856 -0.607879 -0.607881 -0.589408 0 -0.574465 -0.597015 
-0.585805 -0.607869 -0.607856 -0.607879 -0.607881 -0.589408 0 -0.574465 -0.597015 
-0.585805 -0.607869 -0.607856 -0.607879 -0.607881 -0.589408 0 -0.574465 -0.597015 
-0.585805 -0.607869 -0.607856 -0.607879 -0.607881 -0.589408 0 -0.574465 -0.597015 
-0.585805 -0.607869 -0.607856 -0.607879 -0.607881 -0.589408 0 -0.574465 -0.597015 
-0.585805 -0.607869 -0.607856 -0.607879 -0.607881 -0.589408 0 -0.574465 -0.597015 
-0.585805 -0.607869 -0.607856 -0.607879 -0.607881 -0.589408 0 -0.574465 -0.597015 
-0.585805 -0.607869 -0.607856 -0.607879 -0.607881 -0.589408 0 -0.574465 -0.597015 
-0.585805 -0.607869 -0.607856 -0.607879 -0.607881 -0.589408 0 -0.574465 -0.597015 
-0.585805 -0.607869 -0.607856 -0.607879 -0.607881 -0.589408 0 -0.574465 -0.597015 
-0.585805 -0.607869 -0.607856 -0.607879 -0.607881 -0.589408 0 -0.574465 -0.597015 
-0.585805 -0.607869 -0.607856 -0.607879 -0.607881 -0.589408 0 -0.574465 -0.597015 
-0.585805 -0.607869 -0.607856 -0.607879 -0.607881 -0.589408 0 -0.574465 -0.597015 
-0.585805 -0.607869 -0.607856 -0.607879 -0.607881 -0.589408 0 -0.574465 -0.597015 
-0.585805 -0.607869 -0.607856 -0.607879 -0.607881 -0.589408 0 -0.574465 -0.597015 
-0.585805 -0.607869 -0.607856 -0.607879 -0.607881 -0.589408 0 -0.574465 -0.597015 
-0.585805 -0.607869 -0.607856 -0.607879 -0.607881 -0.589408 0 -0.574465 -0.597015 
-0.585805 -0.607869 -0.607856 -0.607879 -0.607881 -0.589408 0 -0.574465 -0.597015 
-0.585805 -0.607869 -0.607856 -0.607879 -0.607881 -0.589408 0 -0.574465 -0.597015 
-0.585805 -0.607869 -0.607856 -0.607879 -0.607881 -0.589408 0 -0.574465 -0.597015 
-0.585805 -0.607869 -0.607856 -0.607879 -0.607881 -0.589408 0 -0.574465 -0.597015 
-0.585805 -0.607869 -0.607856 -0.607879 -0.607881 -0.589408 0 -0.574465 -0.597015 
-0.585805 -0.607869 -0.607856 -0.607879 -0.607881 -0.589408 0 -0.574465 -0.597015 
-0.585805 -0.607869 -0.607856 -0.607879 -0.607881 -0.589408 0 -0.574465 -0.597015 
-0.585805 -0.607869 -0.607856 -0.607879 -0.607881 -0.589408 0 -0.574465 -0.597015 
-0.585805 -0.607869 -0.607856 -0.607879 -0.607881 -0.589408 0 -0.574465 -0.597015 
-0.585805 -0.607869 -0.607856 -0.607879 -0.607881 -0.589408 0 -0.574465 -0.597015 
-0.585805 -0.607869 -0.607856 -0.607879 -0.607881 -0.589408 0 -0.574465 -0.597015 
-0.585805 -0.607869 -0.607856 -0.607879 -0.607881 -0.589408 0 -0.574465 -0.597015 
-0.585805 -0.607869 -0.607856 -0.607879 -0.607881 -0.589408 0 -0.574465 -0.597015 
-0.585805 -0.607869 -0.607856 -0.607879 -0.607881 -0.589408 0 -0.574465 -0.597015 
-0.585805 -0.607869 -0.607856 -0.607879 -0.607881 -0.589408 0 -0.574465 -0.597015 
-0.585805 -0.607869 -0.607856 -0.607879 -0.607881 -0.589408 0 -0.574465 -0.597015 
-0.585805 -0.607869 -0.607856 -0.607879 -0.607881 -0.589408 0 -0.574465 -0.597015 
-0.585805 -0.607869 -0.607856 -0.607879 -0.607881 -0.589408 0 -0.574465 -0.597015 
-0.585805 -0.607869 -0.607856 -0.607879 -0.607881 -0.589408 0 -0.574465 -0.597015 
-0.585805 -0.607869 -0.607856 -0.607879 -0.607881 -0.589408 0 -0.574465 -0.597015 
-0.585805 -0.607869 -0.607856 -0.607879 -0.607881 -0.589408 0 -0.574465 -0.597015 
-0.585805 -0.607869 -0.607856 -0.607879 -0.607881 -0.589408 0 -0.574465 -0.597015 
-0.585805 -0.607869 -0.607856 -0.607879 -0.607881 -0.589408 0 -0.574465 -0.597015 
-0.585805 -0.607869 -0.607856 -0.607879 -0.607881 -0.589408 0 -0.574465 -0.597015 
-0.585805 -0.607869 -0.607856 -0.607879 -0.607881 -0.589408 0 -0.574465 -0.597015 
-0.585805 -0.607869 -0.607856 -0.607879 -0.607881 -0.589408 0 -0.574465 -0.597015 
-0.585805 -0.607869 -0.607856 -0.607879 -0.607881 -0.589408 0 -0.574465 -0.597015 
-0.585805 -0.607869 -0.607856 -0.607879 -0.607881 -0.589408 0 -0.574465 -0.597015 
-0.585805 -0.607869 -0.607856 -0.607879 -0.607881 -0.589408 0 -0.574465 -0.597015 
-0.585805 -0.607869 -0.607856 -0.607879 -0.607881 -0.589408 0 -0.574465 -0.597015 
-0.585805 -0.607869 -0.607856 -0.607879 -0.607881 -0.589408 0 -0.574465 -0.597015 
-0.585805 -0.607869 -0.607856 -0.607879 -0.607881 -0.589408 0 -0.574465 -0.597015 
-0.585805 -0.607869 -0.607856 -0.607879 -0.607881 -0.589408 0 -0.574465 -0.597015 
-0.585805 -0.607869 -0.607856 -0.607879 -0.607881 -0.589408 0 -0.574465 -0.597015 
-0.585805 -0.607869 -0.607856 -0.607879 -0.607881 -0.589408 0 -0.574465 -0.597015 
-0.585805 -0.607869 -0.607856 -0.607879 -0.607881 -0.589408 0 -0.574465 -0.597015 
-0.585805 -0.607869 -0.607856 -0.607879 -0.607881 -0.589408 0 -0.574465 -0.597015 
-0.585805 -0.607869 -0.607856 -0.607879 -0.607881 -0.589408 0 -0.574465 -0.597015 
-0.585805 -0.607869 -0.607856 -0.607879 -0.607881 -0.589408 0 -0.574465 -0.597015 
-0.585805 -0.607869 -0.607856 -0.607879 -0.607881 -0.589408 0 -0.574465 -0.597015 
-0.585805 -0.607869 -0.607856 -0.607879 -0.607881 -0.589408 0 -0.574465 -0.597015 
-0.585805 -0.607869 -0.607856 -0.607879 -0.607881 -0.58524 0 -0.574465 -0.597015 
-0.585805 -0.607869 -0.607856 -0.607879 -0.607881 -0.572742 0 -0.574465 -0.597015 
-0.585805 -0.607869 -0.607856 -0.607879 -0.607881 -0.535453 0 -0.574465 -0.597015 
-0.585805 -0.607869 -0.607856 -0.607879 -0.607881 -0.51292 0 -0.574465 -0.597015 
-0.585805 -0.607869 -0.607856 -0.607879 -0.607881 -0.511794 0 -0.574465 -0.597015 
-0.585805 -0.607869 -0.607856 -0.607879 -0.607881 -0.431884 0 -0.574465 -0.597015 
-0.585805 -0.607869 -0.607856 -0.607879 -0.607881 -0.398608 0 -0.574465 -0.597015 
-0.585805 -0.607869 -0.607856 -0.607879 -0.607881 -0.346693 0 -0.574465 -0.597015 
-0.585805 -0.607869 -0.607856 -0.607879 -0.607881 -0.25966 0 -0.574465 -0.597015 
-0.585805 -0.607869 -0.607856 -0.607879 -0.607881 -0.244765 0 -0.574465 -0.597015 
-0.585805 -0.607869 -0.607856 -0.607879 -0.607881 -0.104173 0 -0.574465 -0.597015 
-0.585805 -0.607869 -0.607856 -0.607879 -0.607881 -0.0380568 0 -0.574465 -0.597015 
-0.585805 -0.607869 -0.607856 -0.607879 -0.607881 0.0495251 0 -0.574465 -0.597015 
-0.585805 -0.607869 -0.607856 -0.607879 -0.607881 0.127293 0 -0.574465 -0.597015 
-0.585805 -0.607869 -0.607856 -0.607879 -0.607881 0.233194 0 -0.574465 -0.597015 
-0.585805 -0.607869 -0.607856 -0.607879 -0.607881 0.460282 0 -0.574465 -0.597015 
-0.58525 1.47177 1.43894 1.56813 1.5484 0.479024 0 -0.574465 -0.597015 
-0.493333 1.57907 1.58298 1.62075 1.62229 0.592626 0 -0.574465 -0.106671 
0.238969 1.62468 1.62562 1.65606 1.66151 0.66731 0 -0.574465 0.383672 
1.18815 1.64058 1.63758 1.65685 1.66463 0.904014 0 -0.574465 0.628844 
1.55438 1.64445 1.6492 1.63471 1.6406 1.18064 0 -0.574465 1.11919 
1.66674 1.64551 1.65451 1.62654 1.62204 1.1609 0 -0.574465 1.60953 
1.63662 1.64523 1.64409 1.63946 1.63822 1.40354 0 -0.574465 1.60953 
1.94857 1.64798 1.64144 1.65555 1.65188 1.48571 0 -0.574465 1.60953 
1.7622 1.64638 1.6414 1.64968 1.65276 1.86218 0 -0.574465 1.60953 
1.6052 1.64493 1.65128 1.62757 1.63154 1.96779 0 -0.574465 1.8547 
1.65868 1.64544 1.65343 1.63004 1.63137 1.72167 0 -0.574465 1.60953 
1.70876 1.64589 1.64234 1.6478 1.64843 1.85652 0 -0.106686 1.60953 
1.97621 1.64821 1.64176 1.65557 1.6517 1.80793 0 0.361092 1.60953 
1.68874 1.64572 1.64243 1.64443 1.6471 2.14657 0 0.82887 1.8547 
1.62934 1.64516 1.65313 1.62778 1.62808 1.80146 0 1.29665 1.60953 
1.64789 1.64533 1.65165 1.6308 1.6333 1.84281 0 1.76443 1.8547 
1.77898 1.64653 1.6411 1.64997 1.6479 1.76892 0 1.76443 1.60953 
1.95386 1.64803 1.64178 1.65381 1.6498 1.98577 0 1.76443 1.60953 
1.62138 1.64509 1.64416 1.6363 1.63585 2.13447 0 1.76443 1.60953 
1.6398 1.64526 1.6542 1.62269 1.62222 1.81529 0 1.76443 1.60953 
1.64579 1.64532 1.64929 1.63213 1.62894 1.83577 0 1.76443 1.60953 
1.86379 1.64727 1.64075 1.65276 1.65147 1.78792 0 1.76443 1.60953 
1.93021 1.64783 1.64196 1.65394 1.65598 2.01992 0 1.76443 1.8547 
1.58537 1.64474 1.64643 1.63221 1.63816 2.10874 0 1.76443 1.8547 
1.66003 1.64545 1.6547 1.62731 1.63034 1.69649 0 1.76443 1.8547 
1.6868 1.6457 1.647 1.64003 1.64337 1.80376 0 1.76443 1.8547 
1.95533 1.64804 1.64131 1.65459 1.65355 1.81476 0 1.76443 1.60953 
1.87783 1.6474 1.6422 1.65061 1.65666 2.06651 0 1.76443 1.60953 
1.5627 1.64452 1.64865 1.626 1.63547 2.08345 0 1.76443 1.60953 
1.66952 1.64554 1.65429 1.6253 1.62884 1.78838 0 1.76443 1.60953 
1.73609 1.64615 1.64464 1.64393 1.64348 1.92922 0 1.76443 1.60953 
2.00251 1.64843 1.64184 1.65539 1.65517 1.79543 0 1.76443 1.60953 
1.77319 1.6465 1.64238 1.64402 1.64925 2.10862 0 1.76443 1.60953 
1.5415 1.64431 1.65065 1.61553 1.62355 1.95021 0 1.76443 1.8547 
1.68072 1.64564 1.6533 1.62447 1.62719 1.75811 0 1.76443 1.60953 
1.81655 1.64687 1.64282 1.64956 1.64778 1.84145 0 1.76443 1.60953 
2.03982 1.64874 1.64257 1.65689 1.65505 1.8032 0 1.76443 1.60953 
1.68579 1.64571 1.64333 1.64043 1.64772 2.11815 0 1.76443 1.8547 
1.55362 1.64443 1.65231 1.6182 1.62444 1.79496 0 1.76443 1.60953 
1.72017 1.64601 1.65188 1.63174 1.63303 1.76715 0 1.76443 1.60953 
1.91262 1.64769 1.64198 1.65151 1.65265 1.79012 0 1.76443 1.60953 
2.03108 1.64868 1.64304 1.65489 1.65763 1.95598 0 1.76443 1.60953 
1.6008 1.6449 1.64449 1.63428 1.6445 2.10007 0 1.76443 1.60953 
1.56594 1.64455 1.65329 1.6148 1.62738 1.77209 0 1.76443 1.60953 
1.75891 1.64637 1.64988 1.63787 1.63904 1.73399 0 1.76443 1.60953 
1.98553 1.6483 1.64172 1.65441 1.65261 1.80755 0 1.76443 1.8547 
1.96426 1.64814 1.64323 1.65449 1.65767 1.93803 0 1.76443 1.8547 
1.50887 1.64399 1.64595 1.6316 1.64135 2.06373 0 1.76443 1.8547 
1.58371 1.64473 1.65368 1.61866 1.62557 1.68344 0 1.76443 1.8547 
1.79836 1.64672 1.64764 1.6417 1.64058 1.76552 0 1.76443 1.8547 
2.0441 1.64878 1.64203 1.65661 1.6527 1.79244 0 1.76443 1.60953 
1.86764 1.64733 1.64337 1.65151 1.65312 1.99268 0 1.76443 1.60953 
1.43104 1.6432 1.64754 1.62193 1.63037 2.02681 0 1.76443 1.60953 
1.6173 1.64505 1.65345 1.62554 1.63102 1.77008 0 1.76443 1.60953 
1.86896 1.64733 1.6457 1.65004 1.64893 1.87426 0 1.76443 1.8547 
2.0971 1.64921 1.64299 1.66049 1.66175 1.76737 0 1.76443 1.60953 
1.7413 1.64623 1.64337 1.64844 1.65484 2.03396 0 1.76443 1.60953 
1.3682 1.64253 1.64891 1.6162 1.62459 1.87706 0 1.76443 1.8547 
1.65728 1.64543 1.65269 1.63234 1.63005 1.71522 0 1.76443 1.60953 
1.93748 1.64791 1.64404 1.65603 1.6513 1.77835 0 1.76443 1.60953 
2.0896 1.64915 1.64366 1.66111 1.65911 1.76489 0 1.76443 1.60953 
1.59007 1.64481 1.64341 1.6466 1.65213 2.02873 0 1.76443 1.8547 
1.34826 1.64232 1.65013 1.61954 1.62416 1.73961 0 1.76443 1.60953 
1.71538 1.64597 1.65144 1.63961 1.63861 1.67569 0 1.76443 1.60953 
1.99586 1.64839 1.64284 1.65755 1.65188 1.76832 0 1.76443 1.60953 
2.02289 1.64862 1.64395 1.65763 1.65566 1.88355 0 1.76443 1.60953 
1.43185 1.64322 1.64368 1.6392 1.64283 2.01025 0 1.76443 1.60953 
1.35599 1.64241 1.65107 1.61689 1.625 1.68338 0 1.76443 1.60953 
1.76793 1.64645 1.64974 1.64528 1.63912 1.69432 0 1.76443 1.60953 
2.0541 1.64886 1.6425 1.6608 1.6533 1.78229 0 1.76443 1.8547 
1.93472 1.6479 1.64426 1.65709 1.65549 1.8354 0 1.76443 1.8547 
1.28744 1.64165 1.64429 1.63238 1.63256 1.98673 0 1.76443 1.8547 
1.39928 1.64287 1.65158 1.62324 1.6267 1.59813 0 1.76443 1.60953 
1.83977 1.64709 1.64787 1.6508 1.6444 1.71779 0 1.76443 1.8547 
2.09967 1.64923 1.64287 1.66211 1.65779 1.74612 0 1.76443 1.60953 
1.80461 1.64679 1.64412 1.65556 1.65429 1.90588 0 1.76443 1.60953 
1.1853 1.64048 1.64518 1.62698 1.62971 1.9436 0 1.76443 1.60953 
1.47644 1.64367 1.65169 1.63304 1.63613 1.68469 0 1.76443 1.60953 
1.91134 1.64769 1.64601 1.65548 1.64659 1.79608 0 1.76443 1.8547 
2.11162 1.64932 1.6435 1.66284 1.65514 1.70449 0 1.76443 1.60953 
1.64412 1.64533 1.6438 1.65319 1.65065 1.95083 0 1.76443 1.60953 
1.12467 1.63975 1.64629 1.62606 1.62953 1.79522 0 1.76443 1.8547 
1.55973 1.6445 1.65134 1.63799 1.63687 1.63354 0 1.76443 1.8547 
1.98285 1.64828 1.64433 1.66013 1.64659 1.7079 0 1.76443 1.60953 
2.09014 1.64915 1.64421 1.66282 1.65466 1.73474 0 1.76443 1.60953 
1.4461 1.64337 1.64334 1.64612 1.64415 1.94089 0 1.76443 1.8547 
1.10642 1.63952 1.64735 1.61926 1.62272 1.6952 0 1.76443 1.60953 
1.66113 1.64547 1.65045 1.64338 1.64286 1.58304 0 1.76443 1.60953 
2.04754 1.6488 1.64321 1.66153 1.65166 1.74417 0 1.76443 1.60953 
2.01393 1.64854 1.64461 1.65998 1.65508 1.81455 0 1.76443 1.60953 
1.26065 1.64135 1.6428 1.64024 1.64313 1.92404 0 1.76443 1.60953 
1.14848 1.64004 1.64848 1.62275 1.63331 1.61157 0 1.76443 1.60953 
1.77177 1.64648 1.64928 1.65098 1.64941 1.59583 0 1.76443 1.60953 
2.09314 1.64916 1.64267 1.66189 1.65187 1.7654 0 1.76443 1.60953 
1.89675 1.64757 1.64477 1.65799 1.65294 1.76034 0 1.76443 1.60953 
1.10145 1.63946 1.64271 1.63779 1.63813 1.91656 0 1.76443 1.8547 
1.2298 1.64101 1.6493 1.62868 1.63431 1.54628 0 1.76443 1.60953 
1.85634 1.64722 1.64763 1.65348 1.6478 1.61613 0 1.76443 1.8547 
2.11422 1.64933 1.64277 1.66135 1.65402 1.71683 0 1.76443 1.60953 
1.7227 1.64604 1.64447 1.6524 1.64692 1.85063 0 1.76443 1.60953 
0.970726 1.63777 1.64293 1.62265 1.6211 1.87826 0 1.76443 1.60953 
1.33614 1.6422 1.64967 1.63103 1.62898 1.61987 0 1.76443 1.60953 
1.9383 1.6479 1.64579 1.65537 1.65007 1.72558 0 1.76443 1.8547 
2.12514 1.64941 1.64342 1.66265 1.65916 1.69233 0 1.76443 1.60953 
1.54714 1.64438 1.64403 1.65116 1.65292 1.88779 0 1.76443 1.60953 
0.914124 1.637 1.64372 1.62383 1.6265 1.7444 0 1.76443 1.8547 
1.47816 1.64368 1.64982 1.64019 1.6403 1.59483 0 1.76443 1.8547 
2.02108 1.64858 1.64417 1.65801 1.65244 1.67348 0 1.76443 1.60953 
2.0919 1.64915 1.64423 1.66185 1.66192 1.74315 0 1.76443 1.60953 
1.35166 1.64236 1.64335 1.64943 1.65421 1.87877 0 1.76443 1.60953 
0.925223 1.63715 1.64483 1.6258 1.63146 1.68473 0 1.76443 1.60953 
1.63591 1.64523 1.64951 1.6468 1.64656 1.536 0 1.76443 1.60953 
2.09093 1.64913 1.64305 1.65979 1.65459 1.75572 0 1.76443 1.8547 
1.97939 1.64825 1.64461 1.65569 1.65118 1.79523 0 1.76443 1.8547 
1.12002 1.63969 1.64216 1.63602 1.63522 1.87086 0 1.76443 1.60953 
0.973129 1.63781 1.6459 1.61809 1.62467 1.57943 0 1.76443 1.8547 
1.75726 1.64634 1.64845 1.64742 1.6448 1.51293 0 1.76443 1.60953 
2.13271 1.64946 1.64228 1.66016 1.65449 1.77343 0 1.76443 1.60953 
1.85645 1.64721 1.64496 1.65471 1.65459 1.72677 0 1.76443 1.60953 
0.94826 1.63747 1.64156 1.63111 1.63257 1.87464 0 1.76443 1.8547 
1.09284 1.63936 1.64702 1.6266 1.62698 1.54029 0 1.76443 1.60953 
1.87507 1.64736 1.64705 1.64904 1.6451 1.58259 0 1.76443 1.8547 
2.15034 1.64959 1.64238 1.65881 1.65653 1.73401 0 1.76443 1.60953 
1.70312 1.64585 1.64494 1.65524 1.6598 1.83425 0 1.76443 1.60953 
0.838758 1.63592 1.64145 1.62933 1.63405 1.84342 0 1.76443 1.60953 
1.25755 1.64131 1.64799 1.63552 1.63781 1.59212 0 1.76443 1.60953 
1.9888 1.64831 1.6456 1.6515 1.6508 1.69014 0 1.76443 1.60953 
2.11853 1.64934 1.64291 1.65411 1.65008 1.73994 0 1.76443 1.60953 
1.47414 1.64364 1.64429 1.6456 1.64526 1.85818 0 1.76443 1.60953 
0.77435 1.63495 1.64182 1.62304 1.62393 1.73899 0 1.76443 1.8547 
1.42422 1.64312 1.64844 1.63721 1.63252 1.58952 0 1.76443 1.8547 
2.06428 1.64891 1.64388 1.6508 1.64586 1.68603 0 1.76443 1.60953 
2.05945 1.64888 1.64365 1.65257 1.6503 1.7901 0 1.76443 1.60953 
1.25201 1.64125 1.64338 1.63889 1.63938 1.57871 0 1.76443 1.60953 
0.789814 1.63519 1.64269 1.619 1.62321 1.25365 0 1.76443 1.60953 
1.61874 1.64506 1.64838 1.64336 1.64292 1.08832 0 1.76443 1.60953 
2.16048 1.64966 1.64272 1.65701 1.6509 1.16665 0 1.76443 1.8547 
2.00758 1.64846 1.64472 1.65798 1.65903 0.956323 0 1.76443 1.8547 
1.06577 1.63901 1.64241 1.64057 1.64481 0.725762 0 1.76443 1.60953 
0.878291 1.63649 1.64398 1.6238 1.62953 0.502402 0 1.76443 1.8547 
1.79297 1.64665 1.6479 1.64596 1.64922 0.463728 0 1.76443 1.60953 
2.17875 1.6498 1.64201 1.65278 1.64487 0.490637 0 1.76443 1.60953 
1.82972 1.64697 1.64509 1.64783 1.64669 0.308661 0 1.76443 1.60953 
0.874858 1.63644 1.6414 1.62792 1.62963 0.147203 0 1.76443 1.8547 
1.02258 1.63846 1.64536 1.62551 1.627 -0.0259879 0 1.76443 1.60953 
1.92174 1.64775 1.64682 1.6419 1.63591 -0.0316727 0 1.76443 1.8547 
2.16134 1.64966 1.64195 1.64843 1.63475 -0.0368612 0 1.76443 1.60953 
1.65116 1.64536 1.64527 1.64541 1.64041 -0.160346 0 1.76443 2.09988 
0.765564 1.63482 1.64099 1.62396 1.62816 -0.284669 0 1.76443 2.09988 
1.19637 1.6406 1.64679 1.63874 1.64265 -0.366041 0 1.76443 1.8547 
1.62606 1.64513 1.64538 1.66897 1.67627 -0.363307 0 1.76443 1.36436 
0.468583 1.62962 1.62 1.67447 1.67766 -0.393452 0 1.29665 0.874016 
-0.446882 1.58722 1.56335 1.64855 1.64596 -0.468469 0 0.82887 0.138501 
-0.583334 1.50294 1.47565 1.58112 1.56898 -0.528316 0 0.361092 -0.351843 
-0.585805 -0.607869 -0.607856 -0.607879 -0.607881 -0.55131 0 -0.106686 -0.597015 
-0.585805 -0.607869 -0.607856 -0.607879 -0.607881 -0.550409 0 -0.574465 -0.597015 
-0.585805 -0.607869 -0.607856 -0.607879 -0.607881 -0.572406 0 -0.574465 -0.597015 
-0.585805 -0.607869 -0.607856 -0.607879 -0.607881 -0.588876 0 -0.574465 -0.597015 
-0.585805 -0.607869 -0.607856 -0.607879 -0.607881 -0.589408 0 -0.574465 -0.597015 
-0.585805 -0.607869 -0.607856 -0.607879 -0.607881 -0.589408 0 -0.574465 -0.597015 
-0.585805 -0.607869 -0.607856 -0.607879 -0.607881 -0.589408 0 -0.574465 -0.597015 
-0.585805 -0.607869 -0.607856 -0.607879 -0.607881 -0.589408 0 -0.574465 -0.597015 
-0.585805 -0.607869 -0.607856 -0.607879 -0.607881 -0.589408 0 -0.574465 -0.597015 
-0.585805 -0.607869 -0.607856 -0.607879 -0.607881 -0.589408 0 -0.574465 -0.597015 
-0.585805 -0.607869 -0.607856 -0.607879 -0.607881 -0.589408 0 -0.574465 -0.597015 
-0.585805 -0.607869 -0.607856 -0.607879 -0.607881 -0.589408 0 -0.574465 -0.597015 
-0.585805 -0.607869 -0.607856 -0.607879 -0.607881 -0.589408 0 -0.574465 -0.597015 
-0.585805 -0.607869 -0.607856 -0.607879 -0.607881 -0.589408 0 -0.574465 -0.597015 
-0.585805 -0.607869 -0.607856 -0.607879 -0.607881 -0.589408 0 -0.574465 -0.597015 
-0.585805 -0.607869 -0.607856 -0.607879 -0.607881 -0.589408 0 -0.574465 -0.597015 
-0.585805 -0.607869 -0.607856 -0.607879 -0.607881 -0.589408 0 -0.574465 -0.597015 
-0.585805 -0.607869 -0.607856 -0.607879 -0.607881 -0.589408 0 -0.574465 -0.597015 
-0.585805 -0.607869 -0.607856 -0.607879 -0.607881 -0.589408 0 -0.574465 -0.597015 
-0.585805 -0.607869 -0.607856 -0.607879 -0.607881 -0.589408 0 -0.574465 -0.597015 
-0.585805 -0.607869 -0.607856 -0.607879 -0.607881 -0.589408 0 -0.574465 -0.597015 
-0.585805 -0.607869 -0.607856 -0.607879 -0.607881 -0.589408 0 -0.574465 -0.597015 
-0.585805 -0.607869 -0.607856 -0.607879 -0.607881 -0.589408 0 -0.574465 -0.597015 
-0.585805 -0.607869 -0.607856 -0.607879 -0.607881 -0.589408 0 -0.574465 -0.597015 
-0.585805 -0.607869 -0.607856 -0.607879 -0.607881 -0.589408 0 -0.574465 -0.597015 
-0.585805 -0.607869 -0.607856 -0.607879 -0.607881 -0.589408 0 -0.574465 -0.597015 
-0.585805 -0.607869 -0.607856 -0.607879 -0.607881 -0.589408 0 -0.574465 -0.597015 
-0.585805 -0.607869 -0.607856 -0.607879 -0.607881 -0.589408 0 -0.574465 -0.597015 
-0.585805 -0.607869 -0.607856 -0.607879 -0.607881 -0.589408 0 -0.574465 -0.597015 
-0.585805 -0.607869 -0.607856 -0.607879 -0.607881 -0.589408 0 -0.574465 -0.597015 
-0.585805 -0.607869 -0.607856 -0.607879 -0.607881 -0.589408 0 -0.574465 -0.597015 
-0.585805 -0.607869 -0.607856 -0.607879 -0.607881 -0.589408 0 -0.574465 -0.597015 
-0.585805 -0.607869 -0.607856 -0.607879 -0.607881 -0.589408 0 -0.574465 -0.597015 
-0.585805 -0.607869 -0.607856 -0.607879 -0.607881 -0.589408 0 -0.574465 -0.597015 
-0.585805 -0.607869 -0.607856 -0.607879 -0.607881 -0.589408 0 -0.574465 -0.597015 
-0.585805 -0.607869 -0.607856 -0.607879 -0.607881 -0.589408 0 -0.574465 -0.597015 
-0.585805 -0.607869 -0.607856 -0.607879 -0.607881 -0.589408 0 -0.574465 -0.597015 
-0.585805 -0.607869 -0.607856 -0.607879 -0.607881 -0.589408 0 -0.574465 -0.597015 
-0.585805 -0.607869 -0.607856 -0.607879 -0.607881 -0.589408 0 -0.574465 -0.597015 
-0.585805 -0.607869 -0.607856 -0.607879 -0.607881 -0.589408 0 -0.574465 -0.597015 
-0.585805 -0.607869 -0.607856 -0.607879 -0.607881 -0.589408 0 -0.574465 -0.597015 
-0.585805 -0.607869 -0.607856 -0.607879 -0.607881 -0.589408 0 -0.574465 -0.597015 
-0.585805 -0.607869 -0.607856 -0.607879 -0.607881 -0.589408 0 -0.574465 -0.597015 
-0.585805 -0.607869 -0.607856 -0.607879 -0.607881 -0.589408 0 -0.574465 -0.597015 
-0.585805 -0.607869 -0.607856 -0.607879 -0.607881 -0.589408 0 -0.574465 -0.597015 
-0.585805 -0.607869 -0.607856 -0.607879 -0.607881 -0.589408 0 -0.574465 -0.597015 
-0.585805 -0.607869 -0.607856 -0.607879 -0.607881 -0.589408 0 -0.574465 -0.597015 
-0.585805 -0.607869 -0.607856 -0.607879 -0.607881 -0.589408 0 -0.574465 -0.597015 
-0.585805 -0.607869 -0.607856 -0.607879 -0.607881 -0.589408 0 -0.574465 -0.597015 
-0.585805 -0.607869 -0.607856 -0.607879 -0.607881 -0.589408 0 -0.574465 -0.597015 
-0.585805 -0.607869 -0.607856 -0.607879 -0.607881 -0.589408 0 -0.574465 -0.597015 
-0.585805 -0.607869 -0.607856 -0.607879 -0.607881 -0.589408 0 -0.574465 -0.597015 
-0.585805 -0.607869 -0.607856 -0.607879 -0.607881 -0.589408 0 -0.574465 -0.597015 
-0.585805 -0.607869 -0.607856 -0.607879 -0.607881 -0.589408 0 -0.574465 -0.597015 
-0.585805 -0.607869 -0.607856 -0.607879 -0.607881 -0.589408 0 -0.574465 -0.597015 
-0.585805 -0.607869 -0.607856 -0.607879 -0.607881 -0.589408 0 -0.574465 -0.597015 
-0.585805 -0.607869 -0.607856 -0.607879 -0.607881 -0.589408 0 -0.574465 -0.597015 
-0.585805 -0.607869 -0.607856 -0.607879 -0.607881 -0.589408 0 -0.574465 -0.597015 
-0.585805 -0.607869 -0.607856 -0.607879 -0.607881 -0.589408 0 -0.574465 -0.597015 
-0.585805 -0.607869 -0.607856 -0.607879 -0.607881 -0.589408 0 -0.574465 -0.597015 
-0.585805 -0.607869 -0.607856 -0.607879 -0.607881 -0.589408 0 -0.574465 -0.597015 
-0.585805 -0.607869 -0.607856 -0.607879 -0.607881 -0.589408 0 -0.574465 -0.597015 
-0.585805 -0.607869 -0.607856 -0.607879 -0.607881 -0.589408 0 -0.574465 -0.597015 
-0.585805 -0.607869 -0.607856 -0.607879 -0.607881 -0.589408 0 -0.574465 -0.597015 
-0.585805 -0.607869 -0.607856 -0.607879 -0.607881 -0.589408 0 -0.574465 -0.597015 
-0.585805 -0.607869 -0.607856 -0.607879 -0.607881 -0.589408 0 -0.574465 -0.597015 
-0.585805 -0.607869 -0.607856 -0.607879 -0.607881 -0.589408 0 -0.574465 -0.597015 
-0.585805 -0.607869 -0.607856 -0.607879 -0.607881 -0.589408 0 -0.574465 -0.597015 
-0.585805 -0.607869 -0.607856 -0.607879 -0.607881 -0.589408 0 -0.574465 -0.597015 
-0.585805 -0.607869 -0.607856 -0.607879 -0.607881 -0.589408 0 -0.574465 -0.597015 
-0.585805 -0.607869 -0.607856 -0.607879 -0.607881 -0.589408 0 -0.574465 -0.597015 
-0.585805 -0.607869 -0.607856 -0.607879 -0.607881 -0.589408 0 -0.574465 -0.597015 
-0.585805 -0.607869 -0.607856 -0.607879 -0.607881 -0.589408 0 -0.574465 -0.597015 
-0.585805 -0.607869 -0.607856 -0.607879 -0.607881 -0.589408 0 -0.574465 -0.597015 
-0.585805 -0.607869 -0.607856 -0.607879 -0.607881 -0.589408 0 -0.574465 -0.597015 
-0.585805 -0.607869 -0.607856 -0.607879 -0.607881 -0.589408 0 -0.574465 -0.597015 
-0.585805 -0.607869 -0.607856 -0.607879 -0.607881 -0.589408 0 -0.574465 -0.597015 
-0.585805 -0.607869 -0.607856 -0.607879 -0.607881 -0.589408 0 -0.574465 -0.597015 
-0.585805 -0.607869 -0.607856 -0.607879 -0.607881 -0.589408 0 -0.574465 -0.597015 
-0.585805 -0.607869 -0.607856 -0.607879 -0.607881 -0.589408 0 -0.574465 -0.597015 
-0.585805 -0.607869 -0.607856 -0.607879 -0.607881 -0.589408 0 -0.574465 -0.597015 
-0.585805 -0.607869 -0.607856 -0.607879 -0.607881 -0.589408 0 -0.574465 -0.597015 
-0.585805 -0.607869 -0.607856 -0.607879 -0.607881 -0.589408 0 -0.574465 -0.597015 
-0.585805 -0.607869 -0.607856 -0.607879 -0.607881 -0.589408 0 -0.574465 -0.597015 
-0.585805 -0.607869 -0.607856 -0.607879 -0.607881 -0.589408 0 -0.574465 -0.597015 
-0.585805 -0.607869 -0.607856 -0.607879 -0.607881 -0.589408 0 -0.574465 -0.597015 
-0.585805 -0.607869 -0.607856 -0.607879 -0.607881 -0.589408 0 -0.574465 -0.597015 
-0.585805 -0.607869 -0.607856 -0.607879 -0.607881 -0.589408 0 -0.574465 -0.597015 
-0.585805 -0.607869 -0.607856 -0.607879 -0.607881 -0.589408 0 -0.574465 -0.597015 
-0.585805 -0.607869 -0.607856 -0.607879 -0.607881 -0.589408 0 -0.574465 -0.597015 
-0.585805 -0.607869 -0.607856 -0.607879 -0.607881 -0.589408 0 -0.574465 -0.597015 
-0.585805 -0.607869 -0.607856 -0.607879 -0.607881 -0.589408 0 -0.574465 -0.597015 
-0.585805 -0.607869 -0.607856 -0.607879 -0.607881 -0.589408 0 -0.574465 -0.597015 
-0.585805 -0.607869 -0.607856 -0.607879 -0.607881 -0.589408 0 -0.574465 -0.597015 
-0.585805 -0.607869 -0.607856 -0.607879 -0.607881 -0.589408 0 -0.574465 -0.597015 
-0.585805 -0.607869 -0.607856 -0.607879 -0.607881 -0.589408 0 -0.574465 -0.597015 
-0.585805 -0.607869 -0.607856 -0.607879 -0.607881 -0.589408 0 -0.574465 -0.597015 
-0.585805 -0.607869 -0.607856 -0.607879 -0.607881 -0.589408 0 -0.574465 -0.597015 
-0.585805 -0.607869 -0.607856 -0.607879 -0.607881 -0.589408 0 -0.574465 -0.597015 
-0.585805 -0.607869 -0.607856 -0.607879 -0.607881 -0.589408 0 -0.574465 -0.597015 
-0.585805 -0.607869 -0.607856 -0.607879 -0.607881 -0.589408 0 -0.574465 -0.597015 
-0.585805 -0.607869 -0.607856 -0.607879 -0.607881 -0.589408 0 -0.574465 -0.597015 
-0.585805 -0.607869 -0.607856 -0.607879 -0.607881 -0.589408 0 -0.574465 -0.597015 
-0.585805 -0.607869 -0.607856 -0.607879 -0.607881 -0.589408 0 -0.574465 -0.597015 
-0.585805 -0.607869 -0.607856 -0.607879 -0.607881 -0.589408 0 -0.574465 -0.597015 
-0.585805 -0.607869 -0.607856 -0.607879 -0.607881 -0.589408 0 -0.574465 -0.597015 
-0.585805 -0.607869 -0.607856 -0.607879 -0.607881 -0.589408 0 -0.574465 -0.597015 
-0.585805 -0.607869 -0.607856 -0.607879 -0.607881 -0.589408 0 -0.574465 -0.597015 
-0.585805 -0.607869 -0.607856 -0.607879 -0.607881 -0.589408 0 -0.574465 -0.597015 
-0.585805 -0.607869 -0.607856 -0.607879 -0.607881 -0.589408 0 -0.574465 -0.597015 
-0.585805 -0.607869 -0.607856 -0.607879 -0.607881 -0.589408 0 -0.574465 -0.597015 
-0.585805 -0.607869 -0.607856 -0.607879 -0.607881 -0.589408 0 -0.574465 -0.597015 
-0.585805 -0.607869 -0.607856 -0.607879 -0.607881 -0.589408 0 -0.574465 -0.597015 
-0.585805 -0.607869 -0.607856 -0.607879 -0.607881 -0.589408 0 -0.574465 -0.597015 
-0.585805 -0.607869 -0.607856 -0.607879 -0.607881 -0.589408 0 -0.574465 -0.597015 
-0.585805 -0.607869 -0.607856 -0.607879 -0.607881 -0.589408 0 -0.574465 -0.597015 
-0.585805 -0.607869 -0.607856 -0.607879 -0.607881 -0.589408 0 -0.574465 -0.597015 
-0.585805 -0.607869 -0.607856 -0.607879 -0.607881 -0.589408 0 -0.574465 -0.597015 
-0.585805 -0.607869 -0.607856 -0.607879 -0.607881 -0.589408 0 -0.574465 -0.597015 
-0.585805 -0.607869 -0.607856 -0.607879 -0.607881 -0.589408 0 -0.574465 -0.597015 
-0.585805 -0.607869 -0.607856 -0.607879 -0.607881 -0.589408 0 -0.574465 -0.597015 
-0.585805 -0.607869 -0.607856 -0.607879 -0.607881 -0.589408 0 -0.574465 -0.597015 
-0.585805 -0.607869 -0.607856 -0.607879 -0.607881 -0.589408 0 -0.574465 -0.597015 
-0.585805 -0.607869 -0.607856 -0.607879 -0.607881 -0.589408 0 -0.574465 -0.597015 
-0.585805 -0.607869 -0.607856 -0.607879 -0.607881 -0.589408 0 -0.574465 -0.597015 
-0.585805 -0.607869 -0.607856 -0.607879 -0.607881 -0.589408 0 -0.574465 -0.597015 
-0.585805 -0.607869 -0.607856 -0.607879 -0.607881 -0.589408 0 -0.574465 -0.597015 
-0.585805 -0.607869 -0.607856 -0.607879 -0.607881 -0.589408 0 -0.574465 -0.597015 
-0.585805 -0.607869 -0.607856 -0.607879 -0.607881 -0.589408 0 -0.574465 -0.597015 
-0.585805 -0.607869 -0.607856 -0.607879 -0.607881 -0.589408 0 -0.574465 -0.597015 
-0.585805 -0.607869 -0.607856 -0.607879 -0.607881 -0.589408 0 -0.574465 -0.597015 
-0.585805 -0.607869 -0.607856 -0.607879 -0.607881 -0.589408 0 -0.574465 -0.597015 
-0.585805 -0.607869 -0.607856 -0.607879 -0.607881 -0.589408 0 -0.574465 -0.597015 
-0.585805 -0.607869 -0.607856 -0.607879 -0.607881 -0.589408 0 -0.574465 -0.597015 
-0.585805 -0.607869 -0.607856 -0.607879 -0.607881 -0.589408 0 -0.574465 -0.597015 
-0.585805 -0.607869 -0.607856 -0.607879 -0.607881 -0.589408 0 -0.574465 -0.597015 
-0.585805 -0.607869 -0.607856 -0.607879 -0.607881 -0.589408 0 -0.574465 -0.597015 
-0.585805 -0.607869 -0.607856 -0.607879 -0.607881 -0.589408 0 -0.574465 -0.597015 
-0.585805 -0.607869 -0.607856 -0.607879 -0.607881 -0.589408 0 -0.574465 -0.597015 
-0.585805 -0.607869 -0.607856 -0.607879 -0.607881 -0.589408 0 -0.574465 -0.597015 
-0.585805 -0.607869 -0.607856 -0.607879 -0.607881 -0.589408 0 -0.574465 -0.597015 
-0.585805 -0.607869 -0.607856 -0.607879 -0.607881 -0.589408 0 -0.574465 -0.597015 
-0.585805 -0.607869 -0.607856 -0.607879 -0.607881 -0.589408 0 -0.574465 -0.597015 
-0.585805 -0.607869 -0.607856 -0.607879 -0.607881 -0.589408 0 -0.574465 -0.597015 
-0.585805 -0.607869 -0.607856 -0.607879 -0.607881 -0.589408 0 -0.574465 -0.597015 
-0.585805 -0.607869 -0.607856 -0.607879 -0.607881 -0.589408 0 -0.574465 -0.597015 
-0.585805 -0.607869 -0.607856 -0.607879 -0.607881 -0.589408 0 -0.574465 -0.597015 
-0.585805 -0.607869 -0.607856 -0.607879 -0.607881 -0.589408 0 -0.574465 -0.597015 
-0.585805 -0.607869 -0.607856 -0.607879 -0.607881 -0.589408 0 -0.574465 -0.597015 
-0.585805 -0.607869 -0.607856 -0.607879 -0.607881 -0.589408 0 -0.574465 -0.597015 
-0.585805 -0.607869 -0.607856 -0.607879 -0.607881 -0.589408 0 -0.574465 -0.597015 
-0.585805 -0.607869 -0.607856 -0.607879 -0.607881 -0.589408 0 -0.574465 -0.597015 
-0.585805 -0.607869 -0.607856 -0.607879 -0.607881 -0.589408 0 -0.574465 -0.597015 
-0.585805 -0.607869 -0.607856 -0.607879 -0.607881 -0.589408 0 -0.574465 -0.597015 
-0.585805 -0.607869 -0.607856 -0.607879 -0.607881 -0.589408 0 -0.574465 -0.597015 
-0.585805 -0.607869 -0.607856 -0.607879 -0.607881 -0.589408 0 -0.574465 -0.597015 
-0.585805 -0.607869 -0.607856 -0.607879 -0.607881 -0.589408 0 -0.574465 -0.597015 
-0.585805 -0.607869 -0.607856 -0.607879 -0.607881 -0.589408 0 -0.574465 -0.597015 
-0.585805 -0.607869 -0.607856 -0.607879 -0.607881 -0.589408 0 -0.574465 -0.597015 
-0.585805 -0.607869 -0.607856 -0.607879 -0.607881 -0.589408 0 -0.574465 -0.597015 
-0.585805 -0.607869 -0.607856 -0.607879 -0.607881 -0.589408 0 -0.574465 -0.597015 
-0.585805 -0.607869 -0.607856 -0.607879 -0.607881 -0.589408 0 -0.574465 -0.597015 
-0.585805 -0.607869 -0.607856 -0.607879 -0.607881 -0.589408 0 -0.574465 -0.597015 
-0.585805 -0.607869 -0.607856 -0.607879 -0.607881 -0.589408 0 -0.574465 -0.597015 
-0.585805 -0.607869 -0.607856 -0.607879 -0.607881 -0.589408 0 -0.574465 -0.597015 
-0.585805 -0.607869 -0.607856 -0.607879 -0.607881 -0.589408 0 -0.574465 -0.597015 
-0.585805 -0.607869 -0.607856 -0.607879 -0.607881 -0.589408 0 -0.574465 -0.597015 
-0.585805 -0.607869 -0.607856 -0.607879 -0.607881 -0.589408 0 -0.574465 -0.597015 
-0.585805 -0.607869 -0.607856 -0.607879 -0.607881 -0.589408 0 -0.574465 -0.597015 
-0.585805 -0.607869 -0.607856 -0.607879 -0.607881 -0.589408 0 -0.574465 -0.597015 
-0.585805 -0.607869 -0.607856 -0.607879 -0.607881 -0.589408 0 -0.574465 -0.597015 
-0.585805 -0.607869 -0.607856 -0.607879 -0.607881 -0.589408 0 -0.574465 -0.597015 
-0.585805 -0.607869 -0.607856 -0.607879 -0.607881 -0.589408 0 -0.574465 -0.597015 
-0.585805 -0.607869 -0.607856 -0.607879 -0.607881 -0.589408 0 -0.574465 -0.597015 
-0.585805 -0.607869 -0.607856 -0.607879 -0.607881 -0.589408 0 -0.574465 -0.597015 
-0.585805 -0.607869 -0.607856 -0.607879 -0.607881 -0.589408 0 -0.574465 -0.597015 
-0.585805 -0.607869 -0.607856 -0.607879 -0.607881 -0.589408 0 -0.574465 -0.597015 
-0.585805 -0.607869 -0.607856 -0.607879 -0.607881 -0.589408 0 -0.574465 -0.597015 
-0.585805 -0.607869 -0.607856 -0.607879 -0.607881 -0.589408 0 -0.574465 -0.597015 
-0.585805 -0.607869 -0.607856 -0.607879 -0.607881 -0.589408 0 -0.574465 -0.597015 
-0.585805 -0.607869 -0.607856 -0.607879 -0.607881 -0.589408 0 -0.574465 -0.597015 
-0.585805 -0.607869 -0.607856 -0.607879 -0.607881 -0.589408 0 -0.574465 -0.597015 
-0.585805 -0.607869 -0.607856 -0.607879 -0.607881 -0.589408 0 -0.574465 -0.597015 
-0.585805 -0.607869 -0.607856 -0.607879 -0.607881 -0.589408 0 -0.574465 -0.597015 
-0.585805 -0.607869 -0.607856 -0.607879 -0.607881 -0.589408 0 -0.574465 -0.597015 
-0.585805 -0.607869 -0.607856 -0.607879 -0.607881 -0.589408 0 -0.574465 -0.597015 
-0.585805 -0.607869 -0.607856 -0.607879 -0.607881 -0.589408 0 -0.574465 -0.597015 
-0.585805 -0.607869 -0.607856 -0.607879 -0.607881 -0.589408 0 -0.574465 -0.597015 
-0.585805 -0.607869 -0.607856 -0.607879 -0.607881 -0.589408 0 -0.574465 -0.597015 
-0.585805 -0.607869 -0.607856 -0.607879 -0.607881 -0.589408 0 -0.574465 -0.597015 
-0.585805 -0.607869 -0.607856 -0.607879 -0.607881 -0.589408 0 -0.574465 -0.597015 
-0.585805 -0.607869 -0.607856 -0.607879 -0.607881 -0.589408 0 -0.574465 -0.597015 
-0.585805 -0.607869 -0.607856 -0.607879 -0.607881 -0.589408 0 -0.574465 -0.597015 
-0.585805 -0.607869 -0.607856 -0.607879 -0.607881 -0.589408 0 -0.574465 -0.597015 
-0.585805 -0.607869 -0.607856 -0.607879 -0.607881 -0.589408 0 -0.574465 -0.597015 
-0.585805 -0.607869 -0.607856 -0.607879 -0.607881 -0.589408 0 -0.574465 -0.597015 
-0.585805 -0.607869 -0.607856 -0.607879 -0.607881 -0.589408 0 -0.574465 -0.597015 
-0.585805 -0.607869 -0.607856 -0.607879 -0.607881 -0.589408 0 -0.574465 -0.597015 
-0.585805 -0.607869 -0.607856 -0.607879 -0.607881 -0.589408 0 -0.574465 -0.597015 
-0.585805 -0.607869 -0.607856 -0.607879 -0.607881 -0.589408 0 -0.574465 -0.597015 
-0.585805 -0.607869 -0.607856 -0.607879 -0.607881 -0.589408 0 -0.574465 -0.597015 
-0.585805 -0.607869 -0.607856 -0.607879 -0.607881 -0.589408 0 -0.574465 -0.597015 
