656 9
-0.442243 -0.46311 -0.463108 -0.463107 -0.463115 -0.450917 0 -0.452478 -0.451236 
-0.442243 -0.46311 -0.463108 -0.463107 -0.463115 -0.450917 0 -0.452478 -0.451236 
-0.442243 -0.46311 -0.463108 -0.463107 -0.463115 -0.450917 0 -0.452478 -0.451236 
-0.442243 -0.46311 -0.463108 -0.463107 -0.463115 -0.450917 0 -0.452478 -0.451236 
-0.442243 -0.46311 -0.463108 -0.463107 -0.463115 -0.450917 0 -0.452478 -0.451236 
-0.442243 -0.46311 -0.463108 -0.463107 -0.463115 -0.450917 0 -0.452478 -0.451236 
-0.442243 -0.46311 -0.463108 -0.463107 -0.463115 -0.450917 0 -0.452478 -0.451236 
-0.442243 -0.46311 -0.463108 -0.463107 -0.463115 -0.450917 0 -0.452478 -0.451236 
-0.442243 -0.46311 -0.463108 -0.463107 -0.463115 -0.450917 0 -0.452478 -0.451236 
-0.442243 -0.46311 -0.463108 -0.463107 -0.463115 -0.450917 0 -0.452478 -0.451236 
-0.442243 -0.46311 -0.463108 -0.463107 -0.463115 -0.450917 0 -0.452478 -0.451236 
-0.442243 -0.46311 -0.463108 -0.463107 -0.463115 -0.450917 0 -0.452478 -0.451236 
-0.442243 -0.46311 -0.463108 -0.463107 -0.463115 -0.450917 0 -0.452478 -0.451236 
-0.442243 -0.46311 -0.463108 -0.463107 -0.463115 -0.450917 0 -0.452478 -0.451236 
-0.442243 -0.46311 -0.463108 -0.463107 -0.463115 -0.450917 0 -0.452478 -0.451236 
-0.442243 -0.46311 -0.463108 -0.463107 -0.463115 -0.450917 0 -0.452478 -0.451236 
-0.442243 -0.46311 -0.463108 -0.463107 -0.463115 -0.450917 0 -0.452478 -0.451236 
-0.442243 -0.46311 -0.463108 -0.463107 -0.463115 -0.450917 0 -0.452478 -0.451236 
-0.442243 -0.46311 -0.463108 -0.463107 -0.463115 -0.450917 0 -0.452478 -0.451236 
-0.442243 -0.46311 -0.463108 -0.463107 -0.463115 -0.450917 0 -0.452478 -0.451236 
-0.442243 -0.46311 -0.463108 -0.463107 -0.463115 -0.450917 0 -0.452478 -0.451236 
-0.442243 -0.46311 -0.463108 -0.463107 -0.463115 -0.450917 0 -0.452478 -0.451236 
-0.442243 -0.46311 -0.463108 -0.463107 -0.463115 -0.450917 0 -0.452478 -0.451236 
-0.442243 -0.46311 -0.463108 -0.463107 -0.463115 -0.450917 0 -0.452478 -0.451236 
-0.442243 -0.46311 -0.463108 -0.463107 -0.463115 -0.450917 0 -0.452478 -0.451236 
-0.442243 -0.46311 -0.463108 -0.463107 -0.463115 -0.450917 0 -0.452478 -0.451236 
-0.442243 -0.46311 -0.463108 -0.463107 -0.463115 -0.450917 0 -0.452478 -0.451236 
-0.442243 -0.46311 -0.463108 -0.463107 -0.463115 -0.450917 0 -0.452478 -0.451236 
-0.442243 -0.46311 -0.463108 -0.463107 -0.463115 -0.450917 0 -0.452478 -0.451236 
-0.442243 -0.46311 -0.463108 -0.463107 -0.463115 -0.450917 0 -0.452478 -0.451236 
-0.442243 -0.46311 -0.463108 -0.463107 -0.463115 -0.450917 0 -0.452478 -0.451236 
-0.442243 -0.46311 -0.463108 -0.463107 -0.463115 -0.450917 0 -0.452478 -0.451236 
-0.442243 -0.46311 -0.463108 -0.463107 -0.463115 -0.450917 0 -0.452478 -0.451236 
-0.442243 -0.46311 -0.463108 -0.463107 -0.463115 -0.450917 0 -0.452478 -0.451236 
-0.442243 -0.46311 -0.463108 -0.463107 -0.463115 -0.450917 0 -0.452478 -0.451236 
-0.442243 -0.46311 -0.463108 -0.463107 -0.463115 -0.450917 0 -0.452478 -0.451236 
-0.442243 -0.46311 -0.463108 -0.463107 -0.463115 -0.450917 0 -0.452478 -0.451236 
-0.442243 -0.46311 -0.463108 -0.463107 -0.463115 -0.450917 0 -0.452478 -0.451236 
-0.442243 -0.46311 -0.463108 -0.463107 -0.463115 -0.450917 0 -0.452478 -0.451236 
-0.442243 -0.46311 -0.463108 -0.463107 -0.463115 -0.450917 0 -0.452478 -0.451236 
-0.442243 -0.46311 -0.463108 -0.463107 -0.463115 -0.450917 0 -0.452478 -0.451236 
-0.442243 -0.46311 -0.463108 -0.463107 -0.463115 -0.450917 0 -0.452478 -0.451236 
-0.442243 -0.46311 -0.463108 -0.463107 -0.463115 -0.450917 0 -0.452478 -0.451236 
-0.442243 -0.46311 -0.463108 -0.463107 -0.463115 -0.450917 0 -0.452478 -0.451236 
-0.442243 -0.46311 -0.463108 -0.463107 -0.463115 -0.450917 0 -0.452478 -0.451236 
-0.442243 -0.46311 -0.463108 -0.463107 -0.463115 -0.450917 0 -0.452478 -0.451236 
-0.442243 -0.46311 -0.463108 -0.463107 -0.463115 -0.450917 0 -0.452478 -0.451236 
-0.442243 -0.46311 -0.463108 -0.463107 -0.463115 -0.450917 0 -0.452478 -0.451236 
-0.442243 -0.46311 -0.463108 -0.463107 -0.463115 -0.450917 0 -0.452478 -0.451236 
-0.442243 -0.46311 -0.463108 -0.463107 -0.463115 -0.450917 0 -0.452478 -0.451236 
-0.442243 -0.46311 -0.463108 -0.463107 -0.463115 -0.450917 0 -0.452478 -0.451236 
-0.442243 -0.46311 -0.463108 -0.463107 -0.463115 -0.450917 0 -0.452478 -0.451236 
-0.442243 -0.46311 -0.463108 -0.463107 -0.463115 -0.450917 0 -0.452478 -0.451236 
-0.442243 -0.46311 -0.463108 -0.463107 -0.463115 -0.450917 0 -0.452478 -0.451236 
-0.442243 -0.46311 -0.463108 -0.463107 -0.463115 -0.450917 0 -0.452478 -0.451236 
-0.442243 -0.46311 -0.463108 -0.463107 -0.463115 -0.450917 0 -0.452478 -0.451236 
-0.442243 -0.46311 -0.463108 -0.463107 -0.463115 -0.450917 0 -0.452478 -0.451236 
-0.442243 -0.46311 -0.463108 -0.463107 -0.463115 -0.450917 0 -0.452478 -0.451236 
-0.442243 -0.46311 -0.463108 -0.463107 -0.463115 -0.450917 0 -0.452478 -0.451236 
-0.442243 -0.46311 -0.463108 -0.463107 -0.463115 -0.450917 0 -0.452478 -0.451236 
-0.442243 -0.46311 -0.463108 -0.463107 -0.463115 -0.450917 0 -0.452478 -0.451236 
-0.442243 -0.46311 -0.463108 -0.463107 -0.463115 -0.450917 0 -0.452478 -0.451236 
-0.442243 -0.46311 -0.463108 -0.463107 -0.463115 -0.450917 0 -0.452478 -0.451236 
-0.442243 -0.46311 -0.463108 -0.463107 -0.463115 -0.450917 0 -0.452478 -0.451236 
-0.442243 -0.46311 -0.463108 -0.463107 -0.463115 -0.450917 0 -0.452478 -0.451236 
-0.442243 -0.46311 -0.463108 -0.463107 -0.463115 -0.450917 0 -0.452478 -0.451236 
-0.442243 -0.46311 -0.463108 -0.463107 -0.463115 -0.450917 0 -0.452478 -0.451236 
-0.442243 -0.46311 -0.463108 -0.463107 -0.463115 -0.450917 0 -0.452478 -0.451236 
-0.442243 -0.46311 -0.463108 -0.463107 -0.463115 -0.450917 0 -0.452478 -0.451236 
-0.442243 -0.46311 -0.463108 -0.463107 -0.463115 -0.450917 0 -0.452478 -0.451236 
-0.442243 -0.46311 -0.463108 -0.463107 -0.463115 -0.450917 0 -0.452478 -0.451236 
-0.442243 -0.46311 -0.463108 -0.463107 -0.463115 -0.450917 0 -0.452478 -0.451236 
-0.442243 -0.46311 -0.463108 -0.463107 -0.463115 -0.450917 0 -0.452478 -0.451236 
-0.442243 -0.46311 -0.463108 -0.463107 -0.463115 -0.450917 0 -0.452478 -0.451236 
-0.442243 -0.46311 -0.463108 -0.463107 -0.463115 -0.450917 0 -0.452478 -0.451236 
-0.442243 -0.46311 -0.463108 -0.463107 -0.463115 -0.450917 0 -0.452478 -0.451236 
-0.442243 -0.46311 -0.463108 -0.463107 -0.463115 -0.450917 0 -0.452478 -0.451236 
-0.442243 -0.46311 -0.463108 -0.463107 -0.463115 -0.450917 0 -0.452478 -0.451236 
-0.442243 -0.46311 -0.463108 -0.463107 -0.463115 -0.450917 0 -0.452478 -0.451236 
-0.442243 -0.46311 -0.463108 -0.463107 -0.463115 -0.450917 0 -0.452478 -0.451236 
-0.442243 -0.46311 -0.463108 -0.463107 -0.463115 -0.450917 0 -0.452478 -0.451236 
-0.442243 -0.46311 -0.463108 -0.463107 -0.463115 -0.450917 0 -0.452478 -0.451236 
-0.442243 -0.46311 -0.463108 -0.463107 -0.463115 -0.450917 0 -0.452478 -0.451236 
-0.442243 -0.46311 -0.463108 -0.463107 -0.463115 -0.450917 0 -0.452478 -0.451236 
-0.442243 -0.46311 -0.463108 -0.463107 -0.463115 -0.450917 0 -0.452478 -0.451236 
-0.442243 -0.46311 -0.463108 -0.463107 -0.463115 -0.450917 0 -0.452478 -0.451236 
-0.442243 -0.46311 -0.463108 -0.463107 -0.463115 -0.450917 0 -0.452478 -0.451236 
-0.442243 -0.46311 -0.463108 -0.463107 -0.463115 -0.450917 0 -0.452478 -0.451236 
-0.442243 -0.46311 -0.463108 -0.463107 -0.463115 -0.450917 0 -0.452478 -0.451236 
-0.442243 -0.46311 -0.463108 -0.463107 -0.463115 -0.450917 0 -0.452478 -0.451236 
-0.442243 -0.46311 -0.463108 -0.463107 -0.463115 -0.450917 0 -0.452478 -0.451236 
-0.442243 -0.46311 -0.463108 -0.463107 -0.463115 -0.450917 0 -0.452478 -0.451236 
-0.442243 -0.46311 -0.463108 -0.463107 -0.463115 -0.450917 0 -0.452478 -0.451236 
-0.442243 -0.46311 -0.463108 -0.463107 -0.463115 -0.450917 0 -0.452478 -0.451236 
-0.442243 -0.46311 -0.463108 -0.463107 -0.463115 -0.450917 0 -0.452478 -0.451236 
-0.442243 -0.46311 -0.463108 -0.463107 -0.463115 -0.450917 0 -0.452478 -0.451236 
-0.442243 -0.46311 -0.463108 -0.463107 -0.463115 -0.450917 0 -0.452478 -0.451236 
-0.442243 -0.46311 -0.463108 -0.463107 -0.463115 -0.450917 0 -0.452478 -0.451236 
-0.442243 -0.46311 -0.463108 -0.463107 -0.463115 -0.450917 0 -0.452478 -0.451236 
-0.442243 -0.46311 -0.463108 -0.463107 -0.463115 -0.450917 0 -0.452478 -0.451236 
-0.442243 -0.46311 -0.463108 -0.463107 -0.463115 -0.450917 0 -0.452478 -0.451236 
-0.442243 -0.46311 -0.463108 -0.463107 -0.463115 -0.450917 0 -0.452478 -0.451236 
-0.442243 -0.46311 -0.463108 -0.463107 -0.463115 -0.450917 0 -0.452478 -0.451236 
-0.442243 -0.46311 -0.463108 -0.463107 -0.463115 -0.450917 0 -0.452478 -0.451236 
-0.442243 -0.46311 -0.463108 -0.463107 -0.463115 -0.450917 0 -0.452478 -0.451236 
-0.442243 -0.46311 -0.463108 -0.463107 -0.463115 -0.450917 0 -0.452478 -0.451236 
-0.442243 -0.46311 -0.463108 -0.463107 -0.463115 -0.450917 0 -0.452478 -0.451236 
-0.442243 -0.46311 -0.463108 -0.463107 -0.463115 -0.450917 0 -0.452478 -0.451236 
-0.442243 -0.46311 -0.463108 -0.463107 -0.463115 -0.450917 0 -0.452478 -0.451236 
-0.442243 -0.46311 -0.463108 -0.463107 -0.463115 -0.450917 0 -0.452478 -0.451236 
-0.442243 -0.46311 -0.463108 -0.463107 -0.463115 -0.450917 0 -0.452478 -0.451236 
-0.442243 -0.46311 -0.463108 -0.463107 -0.463115 -0.450917 0 -0.452478 -0.451236 
-0.442243 -0.46311 -0.463108 -0.463107 -0.463115 -0.450917 0 -0.452478 -0.451236 
-0.442243 -0.46311 -0.463108 -0.463107 -0.463115 -0.450917 0 -0.452478 -0.451236 
-0.442243 -0.46311 -0.463108 -0.463107 -0.463115 -0.450917 0 -0.452478 -0.451236 
-0.442243 -0.46311 -0.463108 -0.463107 -0.463115 -0.450917 0 -0.452478 -0.451236 
-0.442243 -0.46311 -0.463108 -0.463107 -0.463115 -0.450917 0 -0.452478 -0.451236 
-0.442243 -0.46311 -0.463108 -0.463107 -0.463115 -0.450917 0 -0.452478 -0.451236 
-0.442243 -0.46311 -0.463108 -0.463107 -0.463115 -0.450917 0 -0.452478 -0.451236 
-0.442243 -0.46311 -0.463108 -0.463107 -0.463115 -0.450917 0 -0.452478 -0.451236 
-0.442243 -0.46311 -0.463108 -0.463107 -0.463115 -0.450917 0 -0.452478 -0.451236 
-0.442243 -0.46311 -0.463108 -0.463107 -0.463115 -0.450917 0 -0.452478 -0.451236 
-0.442243 -0.46311 -0.463108 -0.463107 -0.463115 -0.450917 0 -0.452478 -0.451236 
-0.442243 -0.46311 -0.463108 -0.463107 -0.463115 -0.450917 0 -0.452478 -0.451236 
-0.442243 -0.46311 -0.463108 -0.463107 -0.463115 -0.450917 0 -0.452478 -0.451236 
-0.442243 -0.46311 -0.463108 -0.463107 -0.463115 -0.450917 0 -0.452478 -0.451236 
-0.442243 -0.46311 -0.463108 -0.463107 -0.463115 -0.450917 0 -0.452478 -0.451236 
-0.442243 -0.46311 -0.463108 -0.463107 -0.463115 -0.450917 0 -0.452478 -0.451236 
-0.442243 -0.46311 -0.463108 -0.463107 -0.463115 -0.450917 0 -0.452478 -0.451236 
-0.442243 -0.46311 -0.463108 -0.463107 -0.463115 -0.450917 0 -0.452478 -0.451236 
-0.442243 -0.46311 -0.463108 -0.463107 -0.463115 -0.450917 0 -0.452478 -0.451236 
-0.442243 -0.46311 -0.463108 -0.463107 -0.463115 -0.450917 0 -0.452478 -0.451236 
-0.442243 -0.46311 -0.463108 -0.463107 -0.463115 -0.450917 0 -0.452478 -0.451236 
-0.442243 -0.46311 -0.463108 -0.463107 -0.463115 -0.450917 0 -0.452478 -0.451236 
-0.442243 -0.46311 -0.463108 -0.463107 -0.463115 -0.450917 0 -0.452478 -0.451236 
-0.442243 -0.46311 -0.463108 -0.463107 -0.463115 -0.450917 0 -0.452478 -0.451236 
-0.442243 -0.46311 -0.463108 -0.463107 -0.463115 -0.450917 0 -0.452478 -0.451236 
-0.442243 -0.46311 -0.463108 -0.463107 -0.463115 -0.450917 0 -0.452478 -0.451236 
-0.442243 -0.46311 -0.463108 -0.463107 -0.463115 -0.450917 0 -0.452478 -0.451236 
-0.442243 -0.46311 -0.463108 -0.463107 -0.463115 -0.450917 0 -0.452478 -0.451236 
-0.442243 -0.46311 -0.463108 -0.463107 -0.463115 -0.450917 0 -0.452478 -0.451236 
-0.442243 -0.46311 -0.463108 -0.463107 -0.463115 -0.450917 0 -0.452478 -0.451236 
-0.442243 -0.46311 -0.463108 -0.463107 -0.463115 -0.450917 0 -0.452478 -0.451236 
-0.442243 -0.46311 -0.463108 -0.463107 -0.463115 -0.450917 0 -0.452478 -0.451236 
-0.442243 -0.46311 -0.463108 -0.463107 -0.463115 -0.450917 0 -0.452478 -0.451236 
-0.442243 -0.46311 -0.463108 -0.463107 -0.463115 -0.450917 0 -0.452478 -0.451236 
-0.442243 -0.46311 -0.463108 -0.463107 -0.463115 -0.450917 0 -0.452478 -0.451236 
-0.442243 -0.46311 -0.463108 -0.463107 -0.463115 -0.450917 0 -0.452478 -0.451236 
-0.442243 -0.46311 -0.463108 -0.463107 -0.463115 -0.450917 0 -0.452478 -0.451236 
-0.442243 -0.46311 -0.463108 -0.463107 -0.463115 -0.450917 0 -0.452478 -0.451236 
-0.442243 -0.46311 -0.463108 -0.463107 -0.463115 -0.450917 0 -0.452478 -0.451236 
-0.442243 -0.46311 -0.463108 -0.463107 -0.463115 -0.450917 0 -0.452478 -0.451236 
-0.442243 -0.46311 -0.463108 -0.463107 -0.463115 -0.450917 0 -0.452478 -0.451236 
-0.442243 -0.46311 -0.463108 -0.463107 -0.463115 -0.450917 0 -0.452478 -0.451236 
-0.442243 -0.46311 -0.463108 -0.463107 -0.463115 -0.450917 0 -0.452478 -0.451236 
-0.442243 -0.46311 -0.463108 -0.463107 -0.463115 -0.450917 0 -0.452478 -0.451236 
-0.442243 -0.46311 -0.463108 -0.463107 -0.463115 -0.450917 0 -0.452478 -0.451236 
-0.442243 -0.46311 -0.463108 -0.463107 -0.463115 -0.450917 0 -0.452478 -0.451236 
-0.442243 -0.46311 -0.463108 -0.463107 -0.463115 -0.450917 0 -0.452478 -0.451236 
-0.442243 -0.46311 -0.463108 -0.463107 -0.463115 -0.450917 0 -0.452478 -0.451236 
-0.442243 -0.46311 -0.463108 -0.463107 -0.463115 -0.450917 0 -0.452478 -0.451236 
-0.442243 -0.46311 -0.463108 -0.463107 -0.463115 -0.450917 0 -0.452478 -0.451236 
-0.442243 -0.46311 -0.463108 -0.463107 -0.463115 -0.450917 0 -0.452478 -0.451236 
-0.442243 -0.46311 -0.463108 -0.463107 -0.463115 -0.450917 0 -0.452478 -0.451236 
-0.442243 -0.46311 -0.463108 -0.463107 -0.463115 -0.450917 0 -0.452478 -0.451236 
-0.442243 -0.46311 -0.463108 -0.463107 -0.463115 -0.450917 0 -0.452478 -0.451236 
-0.442243 -0.46311 -0.463108 -0.463107 -0.463115 -0.450917 0 -0.452478 -0.451236 
-0.442243 -0.46311 -0.463108 -0.463107 -0.463115 -0.450917 0 -0.452478 -0.451236 
-0.442243 -0.46311 -0.463108 -0.463107 -0.463115 -0.450917 0 -0.452478 -0.451236 
-0.442243 -0.46311 -0.463108 -0.463107 -0.463115 -0.450917 0 -0.452478 -0.451236 
-0.442243 -0.46311 -0.463108 -0.463107 -0.463115 -0.450917 0 -0.452478 -0.451236 
-0.442243 -0.46311 -0.463108 -0.463107 -0.463115 -0.450917 0 -0.452478 -0.451236 
-0.442243 -0.46311 -0.463108 -0.463107 -0.463115 -0.450917 0 -0.452478 -0.451236 
-0.442243 -0.46311 -0.463108 -0.463107 -0.463115 -0.450917 0 -0.452478 -0.451236 
-0.442243 -0.46311 -0.463108 -0.463107 -0.463115 -0.450917 0 -0.452478 -0.451236 
-0.442243 -0.46311 -0.463108 -0.463107 -0.463115 -0.450917 0 -0.452478 -0.451236 
-0.442243 -0.46311 -0.463108 -0.463107 -0.463115 -0.450917 0 -0.452478 -0.451236 
-0.442243 -0.46311 -0.463108 -0.463107 -0.463115 -0.450917 0 -0.452478 -0.451236 
-0.442243 -0.46311 -0.463108 -0.463107 -0.463115 -0.450917 0 -0.452478 -0.451236 
-0.442243 -0.46311 -0.463108 -0.463107 -0.463115 -0.450917 0 -0.452478 -0.451236 
-0.442243 -0.46311 -0.463108 -0.463107 -0.463115 -0.450917 0 -0.452478 -0.451236 
-0.442243 -0.46311 -0.463108 -0.463107 -0.463115 -0.450917 0 -0.452478 -0.451236 
-0.442243 -0.46311 -0.463108 -0.463107 -0.463115 -0.450917 0 -0.452478 -0.451236 
-0.442243 -0.46311 -0.463108 -0.463107 -0.463115 -0.450917 0 -0.452478 -0.451236 
-0.442243 -0.46311 -0.463108 -0.463107 -0.463115 -0.450917 0 -0.452478 -0.451236 
-0.442243 -0.46311 -0.463108 -0.463107 -0.463115 -0.450917 0 -0.452478 -0.451236 
-0.442243 -0.46311 -0.463108 -0.463107 -0.463115 -0.450917 0 -0.452478 -0.451236 
-0.442243 -0.46311 -0.463108 -0.463107 -0.463115 -0.450917 0 -0.452478 -0.451236 
-0.442243 -0.46311 -0.463108 -0.463107 -0.463115 -0.450917 0 -0.452478 -0.451236 
-0.442243 -0.46311 -0.463108 -0.463107 -0.463115 -0.450917 0 -0.452478 -0.451236 
-0.442243 -0.46311 -0.463108 -0.463107 -0.463115 -0.450917 0 -0.452478 -0.451236 
-0.442243 -0.46311 -0.463108 -0.463107 -0.463115 -0.450917 0 -0.452478 -0.451236 
-0.442243 -0.46311 -0.463108 -0.463107 -0.463115 -0.450917 0 -0.452478 -0.451236 
-0.442243 -0.46311 -0.463108 -0.463107 -0.463115 -0.450917 0 -0.452478 -0.451236 
-0.442243 -0.46311 -0.463108 -0.463107 -0.463115 -0.450917 0 -0.452478 -0.451236 
-0.442243 -0.46311 -0.463108 -0.463107 -0.463115 -0.450917 0 -0.452478 -0.451236 
-0.442243 -0.46311 -0.463108 -0.463107 -0.463115 -0.450917 0 -0.452478 -0.451236 
-0.442243 -0.46311 -0.463108 -0.463107 -0.463115 -0.450917 0 -0.452478 -0.451236 
-0.442243 -0.46311 -0.463108 -0.463107 -0.463115 -0.450917 0 -0.452478 -0.451236 
-0.442243 -0.46311 -0.463108 -0.463107 -0.463115 -0.450917 0 -0.452478 -0.451236 
-0.442243 -0.46311 -0.463108 -0.463107 -0.463115 -0.450917 0 -0.452478 -0.451236 
-0.442243 -0.46311 -0.463108 -0.463107 -0.463115 -0.450917 0 -0.452478 -0.451236 
-0.442243 -0.46311 -0.463108 -0.463107 -0.463115 -0.450917 0 -0.452478 -0.451236 
-0.442243 -0.46311 -0.463108 -0.463107 -0.463115 -0.436787 0 -0.452478 -0.451236 
-0.442243 -0.46311 -0.463108 -0.463107 -0.463115 -0.426574 0 -0.452478 -0.451236 
-0.442243 -0.46311 -0.463108 -0.463107 -0.463115 -0.390109 0 -0.452478 -0.451236 
-0.442243 -0.46311 -0.463108 -0.463107 -0.463115 -0.348728 0 -0.452478 -0.451236 
-0.442243 -0.46311 -0.463108 -0.463107 -0.463115 -0.305558 0 -0.452478 -0.451236 
-0.442243 -0.46311 -0.463108 -0.463107 -0.463115 -0.255907 0 -0.452478 -0.451236 
-0.442243 -0.46311 -0.463108 -0.463107 -0.463115 -0.166863 0 -0.452478 -0.451236 
-0.442243 -0.46311 -0.463108 -0.463107 -0.463115 -0.0988914 0 -0.452478 -0.451236 
-0.442243 -0.46311 -0.463108 -0.463107 -0.463115 -0.0140909 0 -0.452478 -0.451236 
-0.442243 -0.46311 -0.463108 -0.463107 -0.463115 0.0231409 0 -0.452478 -0.451236 
-0.442243 -0.46311 -0.463108 -0.463107 -0.463115 0.192754 0 -0.452478 -0.451236 
-0.442243 -0.46311 -0.463108 -0.463107 -0.463115 0.328004 0 -0.452478 -0.451236 
-0.442243 -0.46311 -0.463108 -0.463107 -0.463115 0.333308 0 -0.452478 -0.451236 
-0.442243 -0.46311 -0.463108 -0.463107 -0.463115 0.420726 0 -0.452478 -0.451236 
-0.442243 -0.46311 -0.463108 -0.463107 -0.463115 0.660597 0 -0.452478 -0.451236 
-0.442243 -0.46311 -0.463108 -0.463107 -0.463115 0.754358 0 -0.452478 -0.451236 
-0.429539 2.03109 2.04031 2.07693 2.08825 0.959155 0 -0.452478 -0.451236 
-0.0527798 2.11405 2.1212 2.15272 2.16685 1.05302 0 -0.452478 0.357537 
1.19563 2.14894 2.15268 2.18001 2.18898 1.21777 0 -0.452478 0.896719 
1.56274 2.15382 2.15111 2.17008 2.17149 1.29179 0 -0.452478 1.16631 
1.30351 2.15042 2.15722 2.12257 2.12908 1.61639 0 -0.452478 1.70549 
1.9452 2.15804 2.1717 2.14529 2.14664 1.91987 0 -0.452478 2.24467 
2.73542 2.16501 2.16653 2.17018 2.16315 1.91044 0 0.0872048 2.24467 
2.6647 2.16446 2.14117 2.16637 2.15832 1.96728 0 0.626887 1.97508 
2.69828 2.16472 2.16011 2.16224 2.15719 2.12064 0 1.16657 1.97508 
2.4539 2.16275 2.17633 2.14853 2.15346 2.37982 0 1.70625 2.51427 
2.03981 2.15899 2.1693 2.12361 2.14109 2.31246 0 2.24593 2.24467 
2.03627 2.15895 2.14602 2.15748 2.15338 2.59912 0 2.24593 2.24467 
2.68853 2.16465 2.15702 2.18198 2.1694 2.53631 0 2.24593 2.51427 
2.23105 2.1608 2.16107 2.17739 2.16616 2.35251 0 2.24593 2.51427 
0.980152 2.14542 2.15056 2.14094 2.14043 2.33041 0 2.24593 2.24467 
1.17655 2.14858 2.15968 2.13457 2.14156 2.55906 0 2.24593 2.24467 
2.45025 2.16272 2.16706 2.17306 2.17169 2.56469 0 2.24593 2.24467 
2.71398 2.16484 2.15248 2.17723 2.16705 2.24482 0 2.24593 1.97508 
2.37672 2.16209 2.1469 2.15873 2.15639 2.25859 0 2.24593 2.24467 
2.41424 2.16242 2.17285 2.1452 2.15288 2.22775 0 2.24593 2.24467 
2.40408 2.16232 2.1761 2.14051 2.14748 2.29525 0 2.24593 2.24467 
2.42413 2.1625 2.15594 2.14973 2.15492 2.42338 0 2.24593 2.24467 
2.63079 2.1642 2.14565 2.17085 2.1684 2.49032 0 2.24593 1.97508 
2.62399 2.16414 2.16489 2.1782 2.16317 2.26741 0 2.24593 1.97508 
1.3997 2.15172 2.16185 2.15428 2.14831 2.30326 0 2.24593 2.24467 
0.861306 2.1433 2.15075 2.11912 2.1318 2.53446 0 2.24593 2.24467 
1.92164 2.1578 2.15914 2.16779 2.16559 2.69568 0 2.24593 2.51427 
2.79443 2.16546 2.16073 2.18452 2.17627 2.2947 0 2.24593 2.78386 
2.22244 2.16072 2.14435 2.16818 2.16949 2.32823 0 2.24593 2.51427 
1.95932 2.15819 2.16243 2.12434 2.14142 2.28499 0 2.24593 2.24467 
2.21058 2.16061 2.17564 2.14018 2.14204 2.36576 0 2.24593 2.24467 
2.59882 2.16394 2.16633 2.15932 2.15373 2.35031 0 2.24593 1.97508 
2.60814 2.16401 2.13966 2.1621 2.15861 2.3808 0 2.24593 1.97508 
2.75384 2.16515 2.16018 2.17288 2.17027 2.31639 0 2.24593 2.24467 
2.11254 2.15969 2.17129 2.16186 2.15941 2.25086 0 2.24593 2.24467 
1.32686 2.15074 2.16137 2.11967 2.12764 2.29608 0 2.24593 1.97508 
1.62372 2.15452 2.1482 2.1561 2.15781 2.72929 0 2.24593 1.97508 
2.65938 2.16442 2.15966 2.18251 2.17172 2.59306 0 2.24593 2.51427 
2.33766 2.16175 2.15503 2.17486 2.1667 2.2757 0 2.24593 2.24467 
1.41225 2.15189 2.15039 2.13263 2.13841 2.29173 0 2.24593 2.24467 
1.57011 2.15387 2.16778 2.13372 2.13204 2.52106 0 2.24593 2.24467 
2.46919 2.16288 2.17028 2.16708 2.15935 2.42741 0 2.24593 2.24467 
2.7264 2.16494 2.14975 2.16855 2.1642 2.30985 0 2.24593 2.24467 
2.65683 2.1644 2.1492 2.16747 2.1684 2.29015 0 2.24593 2.24467 
2.52376 2.16333 2.17276 2.16444 2.16347 2.28937 0 2.24593 2.24467 
2.05174 2.15911 2.17318 2.13477 2.14738 2.32808 0 2.24593 2.24467 
1.9204 2.15779 2.15264 2.13988 2.14181 2.4401 0 2.24593 2.24467 
2.44369 2.16266 2.14993 2.17418 2.16404 2.68566 0 2.24593 2.51427 
2.64611 2.16432 2.16261 2.179 2.17245 2.40137 0 2.24593 2.51427 
1.40895 2.15185 2.15436 2.15086 2.15529 2.35436 0 2.24593 2.24467 
0.885946 2.14375 2.15427 2.12729 2.13352 2.47542 0 2.24593 2.24467 
1.94916 2.15808 2.16583 2.1703 2.16202 2.68439 0 2.24593 2.24467 
2.81487 2.16561 2.16035 2.18175 2.17646 2.37066 0 2.24593 1.97508 
2.50976 2.16322 2.14172 2.16485 2.1628 2.32148 0 2.24593 1.97508 
2.44053 2.16264 2.16634 2.1476 2.15117 2.27994 0 2.24593 1.97508 
2.37505 2.16208 2.17735 2.14018 2.14117 2.3646 0 2.24593 2.24467 
2.36066 2.16195 2.16504 2.14606 2.15196 2.31966 0 2.24593 2.24467 
2.41081 2.16238 2.14072 2.16594 2.16002 2.50447 0 2.24593 1.97508 
2.78459 2.16538 2.16103 2.18043 2.16635 2.35917 0 2.24593 1.97508 
1.9655 2.15825 2.16588 2.16522 2.16282 2.40883 0 2.24593 2.24467 
0.869891 2.14346 2.1537 2.11918 2.13391 2.35192 0 2.24593 2.24467 
1.3678 2.15129 2.15475 2.16073 2.15415 2.69376 0 2.24593 2.24467 
2.64908 2.16434 2.16303 2.18541 2.169 2.47167 0 2.24593 2.78386 
2.45421 2.16275 2.14965 2.17843 2.17028 2.38115 0 2.24593 2.51427 
1.96257 2.15822 2.15403 2.14215 2.14621 2.33227 0 2.24593 2.24467 
2.16164 2.16016 2.17452 2.12649 2.13812 2.33818 0 2.24593 2.24467 
2.57185 2.16372 2.17284 2.15431 2.15167 2.35393 0 2.24593 2.24467 
2.62634 2.16416 2.14798 2.16125 2.15541 2.34088 0 2.24593 1.97508 
2.76163 2.16521 2.15142 2.17291 2.16696 2.3596 0 2.24593 1.97508 
2.54549 2.16351 2.171 2.17013 2.16914 2.24498 0 2.24593 2.24467 
1.56543 2.15382 2.16743 2.13539 2.14404 2.30804 0 2.24593 2.24467 
1.34537 2.15099 2.15004 2.14431 2.13832 2.65036 0 2.24593 2.24467 
2.32742 2.16166 2.15659 2.17847 2.1629 2.68952 0 2.24593 2.51427 
2.61703 2.16408 2.15939 2.18334 2.16374 2.29481 0 2.24593 2.51427 
1.60939 2.15435 2.14782 2.1588 2.14953 2.32273 0 2.24593 2.24467 
1.46175 2.15253 2.16375 2.11863 2.13528 2.48554 0 2.24593 2.24467 
2.28635 2.1613 2.17295 2.16075 2.16201 2.50194 0 2.24593 2.51427 
2.79935 2.16549 2.16013 2.17502 2.17201 2.33885 0 2.24593 2.24467 
2.64482 2.1643 2.14044 2.16491 2.1622 2.32412 0 2.24593 1.97508 
2.68789 2.16464 2.16763 2.15934 2.16295 2.30024 0 2.24593 2.24467 
2.27982 2.16124 2.1763 2.13706 2.14782 2.31927 0 2.24593 2.51427 
1.92984 2.15788 2.16224 2.13027 2.14234 2.34459 0 2.24593 2.24467 
2.21854 2.16068 2.14587 2.17074 2.1695 2.74958 0 2.24593 2.24467 
2.77914 2.16534 2.16122 2.18641 2.17435 2.54606 0 2.24593 2.51427 
1.79656 2.15647 2.15749 2.17189 2.16381 2.31975 0 2.24593 2.24467 
0.861588 2.1433 2.15126 2.12591 2.13193 2.40464 0 2.24593 1.97508 
1.55622 2.15371 2.16414 2.15122 2.15096 2.69022 0 2.24593 2.24467 
2.68687 2.16463 2.1653 2.17808 2.17 2.48189 0 2.24593 1.97508 
2.56495 2.16367 2.1442 2.17208 2.16731 2.32035 0 2.24593 1.97508 
2.41801 2.16245 2.15702 2.15198 2.15647 2.25957 0 2.24593 1.97508 
2.44254 2.16265 2.17666 2.13816 2.14613 2.31543 0 2.24593 2.24467 
2.42681 2.16252 2.17257 2.13968 2.15203 2.30152 0 2.24593 2.24467 
2.42178 2.16248 2.14688 2.15582 2.16093 2.45728 0 2.24593 2.24467 
2.76387 2.16523 2.1538 2.17945 2.17742 2.45924 0 2.24593 1.97508 
2.3308 2.16169 2.16585 2.17657 2.17 2.32422 0 2.24593 2.51427 
1.04847 2.14656 2.15717 2.13954 2.14065 2.50231 0 2.24593 2.24467 
1.02556 2.14619 2.15165 2.1378 2.14496 2.05842 0 2.24593 2.24467 
2.31046 2.16151 2.1619 2.17613 2.17106 1.8155 0 2.24593 2.24467 
2.69165 2.16467 2.15559 2.17893 2.16775 1.52021 0 2.24593 2.51427 
2.10108 2.15959 2.14567 2.15154 2.15222 1.60367 0 2.24593 2.24467 
2.06867 2.15928 2.16956 2.1302 2.14524 1.25697 0 2.24593 2.24467 
2.40888 2.16237 2.17571 2.15611 2.15778 1.14759 0 2.24593 2.24467 
2.65075 2.16435 2.15867 2.16597 2.16754 0.961745 0 2.24593 1.97508 
2.65243 2.16436 2.14135 2.16784 2.16299 0.891733 0 2.24593 1.97508 
2.66217 2.16444 2.16611 2.17334 2.16552 0.633628 0 2.24593 1.97508 
1.77066 2.15619 2.16966 2.15098 2.14938 0.60261 0 2.24593 2.24467 
1.22503 2.1493 2.15472 2.11734 2.12644 0.547019 0 2.24593 2.24467 
1.89908 2.15757 2.15088 2.16604 2.16116 0.3028 0 2.24593 2.51427 
2.76073 2.1652 2.16083 2.18313 2.17024 0.19212 0 2.24593 2.78386 
2.02336 2.15883 2.15044 2.16713 2.16806 0.0952407 0 2.24593 2.24467 
1.37955 2.15145 2.1562 2.11632 2.13531 0.0838031 0 2.24593 2.24467 
1.85087 2.15706 2.17142 2.15687 2.15999 -0.110711 0 2.24593 1.70549 
2.2697 2.16118 2.17033 2.18704 2.19625 -0.173107 0 2.24593 0.896719 
0.940088 2.14481 2.14994 2.1837 2.19759 -0.218167 0 2.24593 0.357537 
-0.265893 2.09472 2.09828 2.14175 2.15576 -0.255606 0 2.24593 0.0879459 
-0.439024 1.9973 1.9902 2.06072 2.06424 -0.352646 0 2.24593 -0.451236 
-0.442243 -0.46311 -0.463108 -0.463107 -0.463115 -0.337653 0 1.70625 -0.451236 
-0.442243 -0.46311 -0.463108 -0.463107 -0.463115 -0.383976 0 1.16657 -0.451236 
-0.442243 -0.46311 -0.463108 -0.463107 -0.463115 -0.429079 0 0.626887 -0.451236 
-0.442243 -0.46311 -0.463108 -0.463107 -0.463115 -0.450917 0 0.0872048 -0.451236 
-0.442243 -0.46311 -0.463108 -0.463107 -0.463115 -0.450917 0 -0.452478 -0.451236 
-0.442243 -0.46311 -0.463108 -0.463107 -0.463115 -0.450917 0 -0.452478 -0.451236 
-0.442243 -0.46311 -0.463108 -0.463107 -0.463115 -0.450917 0 -0.452478 -0.451236 
-0.442243 -0.46311 -0.463108 -0.463107 -0.463115 -0.450917 0 -0.452478 -0.451236 
-0.442243 -0.46311 -0.463108 -0.463107 -0.463115 -0.450917 0 -0.452478 -0.451236 
-0.442243 -0.46311 -0.463108 -0.463107 -0.463115 -0.450917 0 -0.452478 -0.451236 
-0.442243 -0.46311 -0.463108 -0.463107 -0.463115 -0.450917 0 -0.452478 -0.451236 
-0.442243 -0.46311 -0.463108 -0.463107 -0.463115 -0.450917 0 -0.452478 -0.451236 
-0.442243 -0.46311 -0.463108 -0.463107 -0.463115 -0.450917 0 -0.452478 -0.451236 
-0.442243 -0.46311 -0.463108 -0.463107 -0.463115 -0.450917 0 -0.452478 -0.451236 
-0.442243 -0.46311 -0.463108 -0.463107 -0.463115 -0.450917 0 -0.452478 -0.451236 
-0.442243 -0.46311 -0.463108 -0.463107 -0.463115 -0.450917 0 -0.452478 -0.451236 
-0.442243 -0.46311 -0.463108 -0.463107 -0.463115 -0.450917 0 -0.452478 -0.451236 
-0.442243 -0.46311 -0.463108 -0.463107 -0.463115 -0.450917 0 -0.452478 -0.451236 
-0.442243 -0.46311 -0.463108 -0.463107 -0.463115 -0.450917 0 -0.452478 -0.451236 
-0.442243 -0.46311 -0.463108 -0.463107 -0.463115 -0.450917 0 -0.452478 -0.451236 
-0.442243 -0.46311 -0.463108 -0.463107 -0.463115 -0.450917 0 -0.452478 -0.451236 
-0.442243 -0.46311 -0.463108 -0.463107 -0.463115 -0.450917 0 -0.452478 -0.451236 
-0.442243 -0.46311 -0.463108 -0.463107 -0.463115 -0.450917 0 -0.452478 -0.451236 
-0.442243 -0.46311 -0.463108 -0.463107 -0.463115 -0.450917 0 -0.452478 -0.451236 
-0.442243 -0.46311 -0.463108 -0.463107 -0.463115 -0.450917 0 -0.452478 -0.451236 
-0.442243 -0.46311 -0.463108 -0.463107 -0.463115 -0.450917 0 -0.452478 -0.451236 
-0.442243 -0.46311 -0.463108 -0.463107 -0.463115 -0.450917 0 -0.452478 -0.451236 
-0.442243 -0.46311 -0.463108 -0.463107 -0.463115 -0.450917 0 -0.452478 -0.451236 
-0.442243 -0.46311 -0.463108 -0.463107 -0.463115 -0.450917 0 -0.452478 -0.451236 
-0.442243 -0.46311 -0.463108 -0.463107 -0.463115 -0.450917 0 -0.452478 -0.451236 
-0.442243 -0.46311 -0.463108 -0.463107 -0.463115 -0.450917 0 -0.452478 -0.451236 
-0.442243 -0.46311 -0.463108 -0.463107 -0.463115 -0.450917 0 -0.452478 -0.451236 
-0.442243 -0.46311 -0.463108 -0.463107 -0.463115 -0.450917 0 -0.452478 -0.451236 
-0.442243 -0.46311 -0.463108 -0.463107 -0.463115 -0.450917 0 -0.452478 -0.451236 
-0.442243 -0.46311 -0.463108 -0.463107 -0.463115 -0.450917 0 -0.452478 -0.451236 
-0.442243 -0.46311 -0.463108 -0.463107 -0.463115 -0.450917 0 -0.452478 -0.451236 
-0.442243 -0.46311 -0.463108 -0.463107 -0.463115 -0.450917 0 -0.452478 -0.451236 
-0.442243 -0.46311 -0.463108 -0.463107 -0.463115 -0.450917 0 -0.452478 -0.451236 
-0.442243 -0.46311 -0.463108 -0.463107 -0.463115 -0.450917 0 -0.452478 -0.451236 
-0.442243 -0.46311 -0.463108 -0.463107 -0.463115 -0.450917 0 -0.452478 -0.451236 
-0.442243 -0.46311 -0.463108 -0.463107 -0.463115 -0.450917 0 -0.452478 -0.451236 
-0.442243 -0.46311 -0.463108 -0.463107 -0.463115 -0.450917 0 -0.452478 -0.451236 
-0.442243 -0.46311 -0.463108 -0.463107 -0.463115 -0.450917 0 -0.452478 -0.451236 
-0.442243 -0.46311 -0.463108 -0.463107 -0.463115 -0.450917 0 -0.452478 -0.451236 
-0.442243 -0.46311 -0.463108 -0.463107 -0.463115 -0.450917 0 -0.452478 -0.451236 
-0.442243 -0.46311 -0.463108 -0.463107 -0.463115 -0.450917 0 -0.452478 -0.451236 
-0.442243 -0.46311 -0.463108 -0.463107 -0.463115 -0.450917 0 -0.452478 -0.451236 
-0.442243 -0.46311 -0.463108 -0.463107 -0.463115 -0.450917 0 -0.452478 -0.451236 
-0.442243 -0.46311 -0.463108 -0.463107 -0.463115 -0.450917 0 -0.452478 -0.451236 
-0.442243 -0.46311 -0.463108 -0.463107 -0.463115 -0.450917 0 -0.452478 -0.451236 
-0.442243 -0.46311 -0.463108 -0.463107 -0.463115 -0.450917 0 -0.452478 -0.451236 
-0.442243 -0.46311 -0.463108 -0.463107 -0.463115 -0.450917 0 -0.452478 -0.451236 
-0.442243 -0.46311 -0.463108 -0.463107 -0.463115 -0.450917 0 -0.452478 -0.451236 
-0.442243 -0.46311 -0.463108 -0.463107 -0.463115 -0.450917 0 -0.452478 -0.451236 
-0.442243 -0.46311 -0.463108 -0.463107 -0.463115 -0.450917 0 -0.452478 -0.451236 
-0.442243 -0.46311 -0.463108 -0.463107 -0.463115 -0.450917 0 -0.452478 -0.451236 
-0.442243 -0.46311 -0.463108 -0.463107 -0.463115 -0.450917 0 -0.452478 -0.451236 
-0.442243 -0.46311 -0.463108 -0.463107 -0.463115 -0.450917 0 -0.452478 -0.451236 
-0.442243 -0.46311 -0.463108 -0.463107 -0.463115 -0.450917 0 -0.452478 -0.451236 
-0.442243 -0.46311 -0.463108 -0.463107 -0.463115 -0.450917 0 -0.452478 -0.451236 
-0.442243 -0.46311 -0.463108 -0.463107 -0.463115 -0.450917 0 -0.452478 -0.451236 
-0.442243 -0.46311 -0.463108 -0.463107 -0.463115 -0.450917 0 -0.452478 -0.451236 
-0.442243 -0.46311 -0.463108 -0.463107 -0.463115 -0.450917 0 -0.452478 -0.451236 
-0.442243 -0.46311 -0.463108 -0.463107 -0.463115 -0.450917 0 -0.452478 -0.451236 
-0.442243 -0.46311 -0.463108 -0.463107 -0.463115 -0.450917 0 -0.452478 -0.451236 
-0.442243 -0.46311 -0.463108 -0.463107 -0.463115 -0.450917 0 -0.452478 -0.451236 
-0.442243 -0.46311 -0.463108 -0.463107 -0.463115 -0.450917 0 -0.452478 -0.451236 
-0.442243 -0.46311 -0.463108 -0.463107 -0.463115 -0.450917 0 -0.452478 -0.451236 
-0.442243 -0.46311 -0.463108 -0.463107 -0.463115 -0.450917 0 -0.452478 -0.451236 
-0.442243 -0.46311 -0.463108 -0.463107 -0.463115 -0.450917 0 -0.452478 -0.451236 
-0.442243 -0.46311 -0.463108 -0.463107 -0.463115 -0.450917 0 -0.452478 -0.451236 
-0.442243 -0.46311 -0.463108 -0.463107 -0.463115 -0.450917 0 -0.452478 -0.451236 
-0.442243 -0.46311 -0.463108 -0.463107 -0.463115 -0.450917 0 -0.452478 -0.451236 
-0.442243 -0.46311 -0.463108 -0.463107 -0.463115 -0.450917 0 -0.452478 -0.451236 
-0.442243 -0.46311 -0.463108 -0.463107 -0.463115 -0.450917 0 -0.452478 -0.451236 
-0.442243 -0.46311 -0.463108 -0.463107 -0.463115 -0.450917 0 -0.452478 -0.451236 
-0.442243 -0.46311 -0.463108 -0.463107 -0.463115 -0.450917 0 -0.452478 -0.451236 
-0.442243 -0.46311 -0.463108 -0.463107 -0.463115 -0.450917 0 -0.452478 -0.451236 
-0.442243 -0.46311 -0.463108 -0.463107 -0.463115 -0.450917 0 -0.452478 -0.451236 
-0.442243 -0.46311 -0.463108 -0.463107 -0.463115 -0.450917 0 -0.452478 -0.451236 
-0.442243 -0.46311 -0.463108 -0.463107 -0.463115 -0.450917 0 -0.452478 -0.451236 
-0.442243 -0.46311 -0.463108 -0.463107 -0.463115 -0.450917 0 -0.452478 -0.451236 
-0.442243 -0.46311 -0.463108 -0.463107 -0.463115 -0.450917 0 -0.452478 -0.451236 
-0.442243 -0.46311 -0.463108 -0.463107 -0.463115 -0.450917 0 -0.452478 -0.451236 
-0.442243 -0.46311 -0.463108 -0.463107 -0.463115 -0.450917 0 -0.452478 -0.451236 
-0.442243 -0.46311 -0.463108 -0.463107 -0.463115 -0.450917 0 -0.452478 -0.451236 
-0.442243 -0.46311 -0.463108 -0.463107 -0.463115 -0.450917 0 -0.452478 -0.451236 
-0.442243 -0.46311 -0.463108 -0.463107 -0.463115 -0.450917 0 -0.452478 -0.451236 
-0.442243 -0.46311 -0.463108 -0.463107 -0.463115 -0.450917 0 -0.452478 -0.451236 
-0.442243 -0.46311 -0.463108 -0.463107 -0.463115 -0.450917 0 -0.452478 -0.451236 
-0.442243 -0.46311 -0.463108 -0.463107 -0.463115 -0.450917 0 -0.452478 -0.451236 
-0.442243 -0.46311 -0.463108 -0.463107 -0.463115 -0.450917 0 -0.452478 -0.451236 
-0.442243 -0.46311 -0.463108 -0.463107 -0.463115 -0.450917 0 -0.452478 -0.451236 
-0.442243 -0.46311 -0.463108 -0.463107 -0.463115 -0.450917 0 -0.452478 -0.451236 
-0.442243 -0.46311 -0.463108 -0.463107 -0.463115 -0.450917 0 -0.452478 -0.451236 
-0.442243 -0.46311 -0.463108 -0.463107 -0.463115 -0.450917 0 -0.452478 -0.451236 
-0.442243 -0.46311 -0.463108 -0.463107 -0.463115 -0.450917 0 -0.452478 -0.451236 
-0.442243 -0.46311 -0.463108 -0.463107 -0.463115 -0.450917 0 -0.452478 -0.451236 
-0.442243 -0.46311 -0.463108 -0.463107 -0.463115 -0.450917 0 -0.452478 -0.451236 
-0.442243 -0.46311 -0.463108 -0.463107 -0.463115 -0.450917 0 -0.452478 -0.451236 
-0.442243 -0.46311 -0.463108 -0.463107 -0.463115 -0.450917 0 -0.452478 -0.451236 
-0.442243 -0.46311 -0.463108 -0.463107 -0.463115 -0.450917 0 -0.452478 -0.451236 
-0.442243 -0.46311 -0.463108 -0.463107 -0.463115 -0.450917 0 -0.452478 -0.451236 
-0.442243 -0.46311 -0.463108 -0.463107 -0.463115 -0.450917 0 -0.452478 -0.451236 
-0.442243 -0.46311 -0.463108 -0.463107 -0.463115 -0.450917 0 -0.452478 -0.451236 
-0.442243 -0.46311 -0.463108 -0.463107 -0.463115 -0.450917 0 -0.452478 -0.451236 
-0.442243 -0.46311 -0.463108 -0.463107 -0.463115 -0.450917 0 -0.452478 -0.451236 
-0.442243 -0.46311 -0.463108 -0.463107 -0.463115 -0.450917 0 -0.452478 -0.451236 
-0.442243 -0.46311 -0.463108 -0.463107 -0.463115 -0.450917 0 -0.452478 -0.451236 
-0.442243 -0.46311 -0.463108 -0.463107 -0.463115 -0.450917 0 -0.452478 -0.451236 
-0.442243 -0.46311 -0.463108 -0.463107 -0.463115 -0.450917 0 -0.452478 -0.451236 
-0.442243 -0.46311 -0.463108 -0.463107 -0.463115 -0.450917 0 -0.452478 -0.451236 
-0.442243 -0.46311 -0.463108 -0.463107 -0.463115 -0.450917 0 -0.452478 -0.451236 
-0.442243 -0.46311 -0.463108 -0.463107 -0.463115 -0.450917 0 -0.452478 -0.451236 
-0.442243 -0.46311 -0.463108 -0.463107 -0.463115 -0.450917 0 -0.452478 -0.451236 
-0.442243 -0.46311 -0.463108 -0.463107 -0.463115 -0.450917 0 -0.452478 -0.451236 
-0.442243 -0.46311 -0.463108 -0.463107 -0.463115 -0.450917 0 -0.452478 -0.451236 
-0.442243 -0.46311 -0.463108 -0.463107 -0.463115 -0.450917 0 -0.452478 -0.451236 
-0.442243 -0.46311 -0.463108 -0.463107 -0.463115 -0.450917 0 -0.452478 -0.451236 
-0.442243 -0.46311 -0.463108 -0.463107 -0.463115 -0.450917 0 -0.452478 -0.451236 
-0.442243 -0.46311 -0.463108 -0.463107 -0.463115 -0.450917 0 -0.452478 -0.451236 
-0.442243 -0.46311 -0.463108 -0.463107 -0.463115 -0.450917 0 -0.452478 -0.451236 
-0.442243 -0.46311 -0.463108 -0.463107 -0.463115 -0.450917 0 -0.452478 -0.451236 
-0.442243 -0.46311 -0.463108 -0.463107 -0.463115 -0.450917 0 -0.452478 -0.451236 
-0.442243 -0.46311 -0.463108 -0.463107 -0.463115 -0.450917 0 -0.452478 -0.451236 
-0.442243 -0.46311 -0.463108 -0.463107 -0.463115 -0.450917 0 -0.452478 -0.451236 
-0.442243 -0.46311 -0.463108 -0.463107 -0.463115 -0.450917 0 -0.452478 -0.451236 
-0.442243 -0.46311 -0.463108 -0.463107 -0.463115 -0.450917 0 -0.452478 -0.451236 
-0.442243 -0.46311 -0.463108 -0.463107 -0.463115 -0.450917 0 -0.452478 -0.451236 
-0.442243 -0.46311 -0.463108 -0.463107 -0.463115 -0.450917 0 -0.452478 -0.451236 
-0.442243 -0.46311 -0.463108 -0.463107 -0.463115 -0.450917 0 -0.452478 -0.451236 
-0.442243 -0.46311 -0.463108 -0.463107 -0.463115 -0.450917 0 -0.452478 -0.451236 
-0.442243 -0.46311 -0.463108 -0.463107 -0.463115 -0.450917 0 -0.452478 -0.451236 
-0.442243 -0.46311 -0.463108 -0.463107 -0.463115 -0.450917 0 -0.452478 -0.451236 
-0.442243 -0.46311 -0.463108 -0.463107 -0.463115 -0.450917 0 -0.452478 -0.451236 
-0.442243 -0.46311 -0.463108 -0.463107 -0.463115 -0.450917 0 -0.452478 -0.451236 
-0.442243 -0.46311 -0.463108 -0.463107 -0.463115 -0.450917 0 -0.452478 -0.451236 
-0.442243 -0.46311 -0.463108 -0.463107 -0.463115 -0.450917 0 -0.452478 -0.451236 
-0.442243 -0.46311 -0.463108 -0.463107 -0.463115 -0.450917 0 -0.452478 -0.451236 
-0.442243 -0.46311 -0.463108 -0.463107 -0.463115 -0.450917 0 -0.452478 -0.451236 
-0.442243 -0.46311 -0.463108 -0.463107 -0.463115 -0.450917 0 -0.452478 -0.451236 
-0.442243 -0.46311 -0.463108 -0.463107 -0.463115 -0.450917 0 -0.452478 -0.451236 
-0.442243 -0.46311 -0.463108 -0.463107 -0.463115 -0.450917 0 -0.452478 -0.451236 
-0.442243 -0.46311 -0.463108 -0.463107 -0.463115 -0.450917 0 -0.452478 -0.451236 
-0.442243 -0.46311 -0.463108 -0.463107 -0.463115 -0.450917 0 -0.452478 -0.451236 
-0.442243 -0.46311 -0.463108 -0.463107 -0.463115 -0.450917 0 -0.452478 -0.451236 
-0.442243 -0.46311 -0.463108 -0.463107 -0.463115 -0.450917 0 -0.452478 -0.451236 
-0.442243 -0.46311 -0.463108 -0.463107 -0.463115 -0.450917 0 -0.452478 -0.451236 
-0.442243 -0.46311 -0.463108 -0.463107 -0.463115 -0.450917 0 -0.452478 -0.451236 
-0.442243 -0.46311 -0.463108 -0.463107 -0.463115 -0.450917 0 -0.452478 -0.451236 
-0.442243 -0.46311 -0.463108 -0.463107 -0.463115 -0.450917 0 -0.452478 -0.451236 
-0.442243 -0.46311 -0.463108 -0.463107 -0.463115 -0.450917 0 -0.452478 -0.451236 
-0.442243 -0.46311 -0.463108 -0.463107 -0.463115 -0.450917 0 -0.452478 -0.451236 
-0.442243 -0.46311 -0.463108 -0.463107 -0.463115 -0.450917 0 -0.452478 -0.451236 
-0.442243 -0.46311 -0.463108 -0.463107 -0.463115 -0.450917 0 -0.452478 -0.451236 
-0.442243 -0.46311 -0.463108 -0.463107 -0.463115 -0.450917 0 -0.452478 -0.451236 
-0.442243 -0.46311 -0.463108 -0.463107 -0.463115 -0.450917 0 -0.452478 -0.451236 
-0.442243 -0.46311 -0.463108 -0.463107 -0.463115 -0.450917 0 -0.452478 -0.451236 
-0.442243 -0.46311 -0.463108 -0.463107 -0.463115 -0.450917 0 -0.452478 -0.451236 
-0.442243 -0.46311 -0.463108 -0.463107 -0.463115 -0.450917 0 -0.452478 -0.451236 
-0.442243 -0.46311 -0.463108 -0.463107 -0.463115 -0.450917 0 -0.452478 -0.451236 
-0.442243 -0.46311 -0.463108 -0.463107 -0.463115 -0.450917 0 -0.452478 -0.451236 
-0.442243 -0.46311 -0.463108 -0.463107 -0.463115 -0.450917 0 -0.452478 -0.451236 
-0.442243 -0.46311 -0.463108 -0.463107 -0.463115 -0.450917 0 -0.452478 -0.451236 
-0.442243 -0.46311 -0.463108 -0.463107 -0.463115 -0.450917 0 -0.452478 -0.451236 
-0.442243 -0.46311 -0.463108 -0.463107 -0.463115 -0.450917 0 -0.452478 -0.451236 
-0.442243 -0.46311 -0.463108 -0.463107 -0.463115 -0.450917 0 -0.452478 -0.451236 
-0.442243 -0.46311 -0.463108 -0.463107 -0.463115 -0.450917 0 -0.452478 -0.451236 
-0.442243 -0.46311 -0.463108 -0.463107 -0.463115 -0.450917 0 -0.452478 -0.451236 
-0.442243 -0.46311 -0.463108 -0.463107 -0.463115 -0.450917 0 -0.452478 -0.451236 
-0.442243 -0.46311 -0.463108 -0.463107 -0.463115 -0.450917 0 -0.452478 -0.451236 
-0.442243 -0.46311 -0.463108 -0.463107 -0.463115 -0.450917 0 -0.452478 -0.451236 
-0.442243 -0.46311 -0.463108 -0.463107 -0.463115 -0.450917 0 -0.452478 -0.451236 
-0.442243 -0.46311 -0.463108 -0.463107 -0.463115 -0.450917 0 -0.452478 -0.451236 
-0.442243 -0.46311 -0.463108 -0.463107 -0.463115 -0.450917 0 -0.452478 -0.451236 
-0.442243 -0.46311 -0.463108 -0.463107 -0.463115 -0.450917 0 -0.452478 -0.451236 
-0.442243 -0.46311 -0.463108 -0.463107 -0.463115 -0.450917 0 -0.452478 -0.451236 
-0.442243 -0.46311 -0.463108 -0.463107 -0.463115 -0.450917 0 -0.452478 -0.451236 
-0.442243 -0.46311 -0.463108 -0.463107 -0.463115 -0.450917 0 -0.452478 -0.451236 
-0.442243 -0.46311 -0.463108 -0.463107 -0.463115 -0.450917 0 -0.452478 -0.451236 
-0.442243 -0.46311 -0.463108 -0.463107 -0.463115 -0.450917 0 -0.452478 -0.451236 
-0.442243 -0.46311 -0.463108 -0.463107 -0.463115 -0.450917 0 -0.452478 -0.451236 
-0.442243 -0.46311 -0.463108 -0.463107 -0.463115 -0.450917 0 -0.452478 -0.451236 
-0.442243 -0.46311 -0.463108 -0.463107 -0.463115 -0.450917 0 -0.452478 -0.451236 
-0.442243 -0.46311 -0.463108 -0.463107 -0.463115 -0.450917 0 -0.452478 -0.451236 
-0.442243 -0.46311 -0.463108 -0.463107 -0.463115 -0.450917 0 -0.452478 -0.451236 
-0.442243 -0.46311 -0.463108 -0.463107 -0.463115 -0.450917 0 -0.452478 -0.451236 
-0.442243 -0.46311 -0.463108 -0.463107 -0.463115 -0.450917 0 -0.452478 -0.451236 
-0.442243 -0.46311 -0.463108 -0.463107 -0.463115 -0.450917 0 -0.452478 -0.451236 
-0.442243 -0.46311 -0.463108 -0.463107 -0.463115 -0.450917 0 -0.452478 -0.451236 
-0.442243 -0.46311 -0.463108 -0.463107 -0.463115 -0.450917 0 -0.452478 -0.451236 
-0.442243 -0.46311 -0.463108 -0.463107 -0.463115 -0.450917 0 -0.452478 -0.451236 
-0.442243 -0.46311 -0.463108 -0.463107 -0.463115 -0.450917 0 -0.452478 -0.451236 
-0.442243 -0.46311 -0.463108 -0.463107 -0.463115 -0.450917 0 -0.452478 -0.451236 
-0.442243 -0.46311 -0.463108 -0.463107 -0.463115 -0.450917 0 -0.452478 -0.451236 
-0.442243 -0.46311 -0.463108 -0.463107 -0.463115 -0.450917 0 -0.452478 -0.451236 
-0.442243 -0.46311 -0.463108 -0.463107 -0.463115 -0.450917 0 -0.452478 -0.451236 
-0.442243 -0.46311 -0.463108 -0.463107 -0.463115 -0.450917 0 -0.452478 -0.451236 
-0.442243 -0.46311 -0.463108 -0.463107 -0.463115 -0.450917 0 -0.452478 -0.451236 
-0.442243 -0.46311 -0.463108 -0.463107 -0.463115 -0.450917 0 -0.452478 -0.451236 
-0.442243 -0.46311 -0.463108 -0.463107 -0.463115 -0.450917 0 -0.452478 -0.451236 
-0.442243 -0.46311 -0.463108 -0.463107 -0.463115 -0.450917 0 -0.452478 -0.451236 
-0.442243 -0.46311 -0.463108 -0.463107 -0.463115 -0.450917 0 -0.452478 -0.451236 
-0.442243 -0.46311 -0.463108 -0.463107 -0.463115 -0.450917 0 -0.452478 -0.451236 
-0.442243 -0.46311 -0.463108 -0.463107 -0.463115 -0.450917 0 -0.452478 -0.451236 
-0.442243 -0.46311 -0.463108 -0.463107 -0.463115 -0.450917 0 -0.452478 -0.451236 
-0.442243 -0.46311 -0.463108 -0.463107 -0.463115 -0.450917 0 -0.452478 -0.451236 
-0.442243 -0.46311 -0.463108 -0.463107 -0.463115 -0.450917 0 -0.452478 -0.451236 
-0.442243 -0.46311 -0.463108 -0.463107 -0.463115 -0.450917 0 -0.452478 -0.451236 
-0.442243 -0.46311 -0.463108 -0.463107 -0.463115 -0.450917 0 -0.452478 -0.451236 
-0.442243 -0.46311 -0.463108 -0.463107 -0.463115 -0.450917 0 -0.452478 -0.451236 
-0.442243 -0.46311 -0.463108 -0.463107 -0.463115 -0.450917 0 -0.452478 -0.451236 
-0.442243 -0.46311 -0.463108 -0.463107 -0.463115 -0.450917 0 -0.452478 -0.451236 
-0.442243 -0.46311 -0.463108 -0.463107 -0.463115 -0.450917 0 -0.452478 -0.451236 
-0.442243 -0.46311 -0.463108 -0.463107 -0.463115 -0.450917 0 -0.452478 -0.451236 
-0.442243 -0.46311 -0.463108 -0.463107 -0.463115 -0.450917 0 -0.452478 -0.451236 
-0.442243 -0.46311 -0.463108 -0.463107 -0.463115 -0.450917 0 -0.452478 -0.451236 
-0.442243 -0.46311 -0.463108 -0.463107 -0.463115 -0.450917 0 -0.452478 -0.451236 
-0.442243 -0.46311 -0.463108 -0.463107 -0.463115 -0.450917 0 -0.452478 -0.451236 
-0.442243 -0.46311 -0.463108 -0.463107 -0.463115 -0.450917 0 -0.452478 -0.451236 
-0.442243 -0.46311 -0.463108 -0.463107 -0.463115 -0.450917 0 -0.452478 -0.451236 
-0.442243 -0.46311 -0.463108 -0.463107 -0.463115 -0.450917 0 -0.452478 -0.451236 
-0.442243 -0.46311 -0.463108 -0.463107 -0.463115 -0.450917 0 -0.452478 -0.451236 
-0.442243 -0.46311 -0.463108 -0.463107 -0.463115 -0.450917 0 -0.452478 -0.451236 
-0.442243 -0.46311 -0.463108 -0.463107 -0.463115 -0.450917 0 -0.452478 -0.451236 
-0.442243 -0.46311 -0.463108 -0.463107 -0.463115 -0.450917 0 -0.452478 -0.451236 
-0.442243 -0.46311 -0.463108 -0.463107 -0.463115 -0.450917 0 -0.452478 -0.451236 
-0.442243 -0.46311 -0.463108 -0.463107 -0.463115 -0.450917 0 -0.452478 -0.451236 
-0.442243 -0.46311 -0.463108 -0.463107 -0.463115 -0.450917 0 -0.452478 -0.451236 
-0.442243 -0.46311 -0.463108 -0.463107 -0.463115 -0.450917 0 -0.452478 -0.451236 
-0.442243 -0.46311 -0.463108 -0.463107 -0.463115 -0.450917 0 -0.452478 -0.451236 
-0.442243 -0.46311 -0.463108 -0.463107 -0.463115 -0.450917 0 -0.452478 -0.451236 
-0.442243 -0.46311 -0.463108 -0.463107 -0.463115 -0.450917 0 -0.452478 -0.451236 
-0.442243 -0.46311 -0.463108 -0.463107 -0.463115 -0.450917 0 -0.452478 -0.451236 
-0.442243 -0.46311 -0.463108 -0.463107 -0.463115 -0.450917 0 -0.452478 -0.451236 
-0.442243 -0.46311 -0.463108 -0.463107 -0.463115 -0.450917 0 -0.452478 -0.451236 
-0.442243 -0.46311 -0.463108 -0.463107 -0.463115 -0.450917 0 -0.452478 -0.451236 
-0.442243 -0.46311 -0.463108 -0.463107 -0.463115 -0.450917 0 -0.452478 -0.451236 
-0.442243 -0.46311 -0.463108 -0.463107 -0.463115 -0.450917 0 -0.452478 -0.451236 
-0.442243 -0.46311 -0.463108 -0.463107 -0.463115 -0.450917 0 -0.452478 -0.451236 
-0.442243 -0.46311 -0.463108 -0.463107 -0.463115 -0.450917 0 -0.452478 -0.451236 
-0.442243 -0.46311 -0.463108 -0.463107 -0.463115 -0.450917 0 -0.452478 -0.451236 
-0.442243 -0.46311 -0.463108 -0.463107 -0.463115 -0.450917 0 -0.452478 -0.451236 
-0.442243 -0.46311 -0.463108 -0.463107 -0.463115 -0.450917 0 -0.452478 -0.451236 
-0.442243 -0.46311 -0.463108 -0.463107 -0.463115 -0.450917 0 -0.452478 -0.451236 
-0.442243 -0.46311 -0.463108 -0.463107 -0.463115 -0.450917 0 -0.452478 -0.451236 
-0.442243 -0.46311 -0.463108 -0.463107 -0.463115 -0.450917 0 -0.452478 -0.451236 
-0.442243 -0.46311 -0.463108 -0.463107 -0.463115 -0.450917 0 -0.452478 -0.451236 
-0.442243 -0.46311 -0.463108 -0.463107 -0.463115 -0.450917 0 -0.452478 -0.451236 
-0.442243 -0.46311 -0.463108 -0.463107 -0.463115 -0.450917 0 -0.452478 -0.451236 
-0.442243 -0.46311 -0.463108 -0.463107 -0.463115 -0.450917 0 -0.452478 -0.451236 
-0.442243 -0.46311 -0.463108 -0.463107 -0.463115 -0.450917 0 -0.452478 -0.451236 
-0.442243 -0.46311 -0.463108 -0.463107 -0.463115 -0.450917 0 -0.452478 -0.451236 
-0.442243 -0.46311 -0.463108 -0.463107 -0.463115 -0.450917 0 -0.452478 -0.451236 
-0.442243 -0.46311 -0.463108 -0.463107 -0.463115 -0.450917 0 -0.452478 -0.451236 
-0.442243 -0.46311 -0.463108 -0.463107 -0.463115 -0.450917 0 -0.452478 -0.451236 
-0.442243 -0.46311 -0.463108 -0.463107 -0.463115 -0.450917 0 -0.452478 -0.451236 
-0.442243 -0.46311 -0.463108 -0.463107 -0.463115 -0.450917 0 -0.452478 -0.451236 
-0.442243 -0.46311 -0.463108 -0.463107 -0.463115 -0.450917 0 -0.452478 -0.451236 
-0.442243 -0.46311 -0.463108 -0.463107 -0.463115 -0.450917 0 -0.452478 -0.451236 
-0.442243 -0.46311 -0.463108 -0.463107 -0.463115 -0.450917 0 -0.452478 -0.451236 
-0.442243 -0.46311 -0.463108 -0.463107 -0.463115 -0.450917 0 -0.452478 -0.451236 
-0.442243 -0.46311 -0.463108 -0.463107 -0.463115 -0.450917 0 -0.452478 -0.451236 
-0.442243 -0.46311 -0.463108 -0.463107 -0.463115 -0.450917 0 -0.452478 -0.451236 
-0.442243 -0.46311 -0.463108 -0.463107 -0.463115 -0.450917 0 -0.452478 -0.451236 
-0.442243 -0.46311 -0.463108 -0.463107 -0.463115 -0.450917 0 -0.452478 -0.451236 
-0.442243 -0.46311 -0.463108 -0.463107 -0.463115 -0.450917 0 -0.452478 -0.451236 
-0.442243 -0.46311 -0.463108 -0.463107 -0.463115 -0.450917 0 -0.452478 -0.451236 
-0.442243 -0.46311 -0.463108 -0.463107 -0.463115 -0.450917 0 -0.452478 -0.451236 
-0.442243 -0.46311 -0.463108 -0.463107 -0.463115 -0.450917 0 -0.452478 -0.451236 
-0.442243 -0.46311 -0.463108 -0.463107 -0.463115 -0.450917 0 -0.452478 -0.451236 
-0.442243 -0.46311 -0.463108 -0.463107 -0.463115 -0.450917 0 -0.452478 -0.451236 
-0.442243 -0.46311 -0.463108 -0.463107 -0.463115 -0.450917 0 -0.452478 -0.451236 
-0.442243 -0.46311 -0.463108 -0.463107 -0.463115 -0.450917 0 -0.452478 -0.451236 
-0.442243 -0.46311 -0.463108 -0.463107 -0.463115 -0.450917 0 -0.452478 -0.451236 
-0.442243 -0.46311 -0.463108 -0.463107 -0.463115 -0.450917 0 -0.452478 -0.451236 
-0.442243 -0.46311 -0.463108 -0.463107 -0.463115 -0.450917 0 -0.452478 -0.451236 
-0.442243 -0.46311 -0.463108 -0.463107 -0.463115 -0.450917 0 -0.452478 -0.451236 
-0.442243 -0.46311 -0.463108 -0.463107 -0.463115 -0.450917 0 -0.452478 -0.451236 
-0.442243 -0.46311 -0.463108 -0.463107 -0.463115 -0.450917 0 -0.452478 -0.451236 
-0.442243 -0.46311 -0.463108 -0.463107 -0.463115 -0.450917 0 -0.452478 -0.451236 
-0.442243 -0.46311 -0.463108 -0.463107 -0.463115 -0.450917 0 -0.452478 -0.451236 
-0.442243 -0.46311 -0.463108 -0.463107 -0.463115 -0.450917 0 -0.452478 -0.451236 
-0.442243 -0.46311 -0.463108 -0.463107 -0.463115 -0.450917 0 -0.452478 -0.451236 
-0.442243 -0.46311 -0.463108 -0.463107 -0.463115 -0.450917 0 -0.452478 -0.451236 
-0.442243 -0.46311 -0.463108 -0.463107 -0.463115 -0.450917 0 -0.452478 -0.451236 
-0.442243 -0.46311 -0.463108 -0.463107 -0.463115 -0.450917 0 -0.452478 -0.451236 
-0.442243 -0.46311 -0.463108 -0.463107 -0.463115 -0.450917 0 -0.452478 -0.451236 
-0.442243 -0.46311 -0.463108 -0.463107 -0.463115 -0.450917 0 -0.452478 -0.451236 
-0.442243 -0.46311 -0.463108 -0.463107 -0.463115 -0.450917 0 -0.452478 -0.451236 
-0.442243 -0.46311 -0.463108 -0.463107 -0.463115 -0.450917 0 -0.452478 -0.451236 
-0.442243 -0.46311 -0.463108 -0.463107 -0.463115 -0.450917 0 -0.452478 -0.451236 
-0.442243 -0.46311 -0.463108 -0.463107 -0.463115 -0.450917 0 -0.452478 -0.451236 
-0.442243 -0.46311 -0.463108 -0.463107 -0.463115 -0.450917 0 -0.452478 -0.451236 
-0.442243 -0.46311 -0.463108 -0.463107 -0.463115 -0.450917 0 -0.452478 -0.451236 
-0.442243 -0.46311 -0.463108 -0.463107 -0.463115 -0.450917 0 -0.452478 -0.451236 
-0.442243 -0.46311 -0.463108 -0.463107 -0.463115 -0.450917 0 -0.452478 -0.451236 
-0.442243 -0.46311 -0.463108 -0.463107 -0.463115 -0.450917 0 -0.452478 -0.451236 
-0.442243 -0.46311 -0.463108 -0.463107 -0.463115 -0.450917 0 -0.452478 -0.451236 
-0.442243 -0.46311 -0.463108 -0.463107 -0.463115 -0.450917 0 -0.452478 -0.451236 
-0.442243 -0.46311 -0.463108 -0.463107 -0.463115 -0.450917 0 -0.452478 -0.451236 
-0.442243 -0.46311 -0.463108 -0.463107 -0.463115 -0.450917 0 -0.452478 -0.451236 
-0.442243 -0.46311 -0.463108 -0.463107 -0.463115 -0.450917 0 -0.452478 -0.451236 
-0.442243 -0.46311 -0.463108 -0.463107 -0.463115 -0.450917 0 -0.452478 -0.451236 
-0.442243 -0.46311 -0.463108 -0.463107 -0.463115 -0.450917 0 -0.452478 -0.451236 
-0.442243 -0.46311 -0.463108 -0.463107 -0.463115 -0.450917 0 -0.452478 -0.451236 
-0.442243 -0.46311 -0.463108 -0.463107 -0.463115 -0.450917 0 -0.452478 -0.451236 
-0.442243 -0.46311 -0.463108 -0.463107 -0.463115 -0.450917 0 -0.452478 -0.451236 
-0.442243 -0.46311 -0.463108 -0.463107 -0.463115 -0.450917 0 -0.452478 -0.451236 
-0.442243 -0.46311 -0.463108 -0.463107 -0.463115 -0.450917 0 -0.452478 -0.451236 
-0.442243 -0.46311 -0.463108 -0.463107 -0.463115 -0.450917 0 -0.452478 -0.451236 
-0.442243 -0.46311 -0.463108 -0.463107 -0.463115 -0.450917 0 -0.452478 -0.451236 
-0.442243 -0.46311 -0.463108 -0.463107 -0.463115 -0.450917 0 -0.452478 -0.451236 
-0.442243 -0.46311 -0.463108 -0.463107 -0.463115 -0.450917 0 -0.452478 -0.451236 
-0.442243 -0.46311 -0.463108 -0.463107 -0.463115 -0.450917 0 -0.452478 -0.451236 
-0.442243 -0.46311 -0.463108 -0.463107 -0.463115 -0.450917 0 -0.452478 -0.451236 
-0.442243 -0.46311 -0.463108 -0.463107 -0.463115 -0.450917 0 -0.452478 -0.451236 
-0.442243 -0.46311 -0.463108 -0.463107 -0.463115 -0.450917 0 -0.452478 -0.451236 
-0.442243 -0.46311 -0.463108 -0.463107 -0.463115 -0.450917 0 -0.452478 -0.451236 
-0.442243 -0.46311 -0.463108 -0.463107 -0.463115 -0.450917 0 -0.452478 -0.451236 
-0.442243 -0.46311 -0.463108 -0.463107 -0.463115 -0.450917 0 -0.452478 -0.451236 
