618 9
-0.562315 -0.575627 -0.575628 -0.575628 -0.57563 -0.561946 0 -0.569707 -0.567302 
-0.562315 -0.575627 -0.575628 -0.575628 -0.57563 -0.561946 0 -0.569707 -0.567302 
-0.562315 -0.575627 -0.575628 -0.575628 -0.57563 -0.561946 0 -0.569707 -0.567302 
-0.562315 -0.575627 -0.575628 -0.575628 -0.57563 -0.561946 0 -0.569707 -0.567302 
-0.562315 -0.575627 -0.575628 -0.575628 -0.57563 -0.561946 0 -0.569707 -0.567302 
-0.562315 -0.575627 -0.575628 -0.575628 -0.57563 -0.561946 0 -0.569707 -0.567302 
-0.562315 -0.575627 -0.575628 -0.575628 -0.57563 -0.561946 0 -0.569707 -0.567302 
-0.562315 -0.575627 -0.575628 -0.575628 -0.57563 -0.561946 0 -0.569707 -0.567302 
-0.562315 -0.575627 -0.575628 -0.575628 -0.57563 -0.561946 0 -0.569707 -0.567302 
-0.562315 -0.575627 -0.575628 -0.575628 -0.57563 -0.561946 0 -0.569707 -0.567302 
-0.562315 -0.575627 -0.575628 -0.575628 -0.57563 -0.561946 0 -0.569707 -0.567302 
-0.562315 -0.575627 -0.575628 -0.575628 -0.57563 -0.561946 0 -0.569707 -0.567302 
-0.562315 -0.575627 -0.575628 -0.575628 -0.57563 -0.561946 0 -0.569707 -0.567302 
-0.562315 -0.575627 -0.575628 -0.575628 -0.57563 -0.561946 0 -0.569707 -0.567302 
-0.562315 -0.575627 -0.575628 -0.575628 -0.57563 -0.561946 0 -0.569707 -0.567302 
-0.562315 -0.575627 -0.575628 -0.575628 -0.57563 -0.561946 0 -0.569707 -0.567302 
-0.562315 -0.575627 -0.575628 -0.575628 -0.57563 -0.561946 0 -0.569707 -0.567302 
-0.562315 -0.575627 -0.575628 -0.575628 -0.57563 -0.561946 0 -0.569707 -0.567302 
-0.562315 -0.575627 -0.575628 -0.575628 -0.57563 -0.561946 0 -0.569707 -0.567302 
-0.562315 -0.575627 -0.575628 -0.575628 -0.57563 -0.561946 0 -0.569707 -0.567302 
-0.562315 -0.575627 -0.575628 -0.575628 -0.57563 -0.561946 0 -0.569707 -0.567302 
-0.562315 -0.575627 -0.575628 -0.575628 -0.57563 -0.561946 0 -0.569707 -0.567302 
-0.562315 -0.575627 -0.575628 -0.575628 -0.57563 -0.561946 0 -0.569707 -0.567302 
-0.562315 -0.575627 -0.575628 -0.575628 -0.57563 -0.561946 0 -0.569707 -0.567302 
-0.562315 -0.575627 -0.575628 -0.575628 -0.57563 -0.561946 0 -0.569707 -0.567302 
-0.562315 -0.575627 -0.575628 -0.575628 -0.57563 -0.561946 0 -0.569707 -0.567302 
-0.562315 -0.575627 -0.575628 -0.575628 -0.57563 -0.561946 0 -0.569707 -0.567302 
-0.562315 -0.575627 -0.575628 -0.575628 -0.57563 -0.561946 0 -0.569707 -0.567302 
-0.562315 -0.575627 -0.575628 -0.575628 -0.57563 -0.561946 0 -0.569707 -0.567302 
-0.562315 -0.575627 -0.575628 -0.575628 -0.57563 -0.561946 0 -0.569707 -0.567302 
-0.562315 -0.575627 -0.575628 -0.575628 -0.57563 -0.561946 0 -0.569707 -0.567302 
-0.562315 -0.575627 -0.575628 -0.575628 -0.57563 -0.561946 0 -0.569707 -0.567302 
-0.562315 -0.575627 -0.575628 -0.575628 -0.57563 -0.561946 0 -0.569707 -0.567302 
-0.562315 -0.575627 -0.575628 -0.575628 -0.57563 -0.561946 0 -0.569707 -0.567302 
-0.562315 -0.575627 -0.575628 -0.575628 -0.57563 -0.561946 0 -0.569707 -0.567302 
-0.562315 -0.575627 -0.575628 -0.575628 -0.57563 -0.561946 0 -0.569707 -0.567302 
-0.562315 -0.575627 -0.575628 -0.575628 -0.57563 -0.561946 0 -0.569707 -0.567302 
-0.562315 -0.575627 -0.575628 -0.575628 -0.57563 -0.561946 0 -0.569707 -0.567302 
-0.562315 -0.575627 -0.575628 -0.575628 -0.57563 -0.561946 0 -0.569707 -0.567302 
-0.562315 -0.575627 -0.575628 -0.575628 -0.57563 -0.561946 0 -0.569707 -0.567302 
-0.562315 -0.575627 -0.575628 -0.575628 -0.57563 -0.561946 0 -0.569707 -0.567302 
-0.562315 -0.575627 -0.575628 -0.575628 -0.57563 -0.561946 0 -0.569707 -0.567302 
-0.562315 -0.575627 -0.575628 -0.575628 -0.57563 -0.561946 0 -0.569707 -0.567302 
-0.562315 -0.575627 -0.575628 -0.575628 -0.57563 -0.561946 0 -0.569707 -0.567302 
-0.562315 -0.575627 -0.575628 -0.575628 -0.57563 -0.561946 0 -0.569707 -0.567302 
-0.562315 -0.575627 -0.575628 -0.575628 -0.57563 -0.561946 0 -0.569707 -0.567302 
-0.562315 -0.575627 -0.575628 -0.575628 -0.57563 -0.561946 0 -0.569707 -0.567302 
-0.562315 -0.575627 -0.575628 -0.575628 -0.57563 -0.561946 0 -0.569707 -0.567302 
-0.562315 -0.575627 -0.575628 -0.575628 -0.57563 -0.561946 0 -0.569707 -0.567302 
-0.562315 -0.575627 -0.575628 -0.575628 -0.57563 -0.561946 0 -0.569707 -0.567302 
-0.562315 -0.575627 -0.575628 -0.575628 -0.57563 -0.561946 0 -0.569707 -0.567302 
-0.562315 -0.575627 -0.575628 -0.575628 -0.57563 -0.561946 0 -0.569707 -0.567302 
-0.562315 -0.575627 -0.575628 -0.575628 -0.57563 -0.561946 0 -0.569707 -0.567302 
-0.562315 -0.575627 -0.575628 -0.575628 -0.57563 -0.561946 0 -0.569707 -0.567302 
-0.562315 -0.575627 -0.575628 -0.575628 -0.57563 -0.561946 0 -0.569707 -0.567302 
-0.562315 -0.575627 -0.575628 -0.575628 -0.57563 -0.561946 0 -0.569707 -0.567302 
-0.562315 -0.575627 -0.575628 -0.575628 -0.57563 -0.561946 0 -0.569707 -0.567302 
-0.562315 -0.575627 -0.575628 -0.575628 -0.57563 -0.561946 0 -0.569707 -0.567302 
-0.562315 -0.575627 -0.575628 -0.575628 -0.57563 -0.561946 0 -0.569707 -0.567302 
-0.562315 -0.575627 -0.575628 -0.575628 -0.57563 -0.561946 0 -0.569707 -0.567302 
-0.562315 -0.575627 -0.575628 -0.575628 -0.57563 -0.561946 0 -0.569707 -0.567302 
-0.562315 -0.575627 -0.575628 -0.575628 -0.57563 -0.561946 0 -0.569707 -0.567302 
-0.562315 -0.575627 -0.575628 -0.575628 -0.57563 -0.561946 0 -0.569707 -0.567302 
-0.562315 -0.575627 -0.575628 -0.575628 -0.57563 -0.561946 0 -0.569707 -0.567302 
-0.562315 -0.575627 -0.575628 -0.575628 -0.57563 -0.561946 0 -0.569707 -0.567302 
-0.562315 -0.575627 -0.575628 -0.575628 -0.57563 -0.561946 0 -0.569707 -0.567302 
-0.562315 -0.575627 -0.575628 -0.575628 -0.57563 -0.561946 0 -0.569707 -0.567302 
-0.562315 -0.575627 -0.575628 -0.575628 -0.57563 -0.561946 0 -0.569707 -0.567302 
-0.562315 -0.575627 -0.575628 -0.575628 -0.57563 -0.561946 0 -0.569707 -0.567302 
-0.562315 -0.575627 -0.575628 -0.575628 -0.57563 -0.561946 0 -0.569707 -0.567302 
-0.562315 -0.575627 -0.575628 -0.575628 -0.57563 -0.561946 0 -0.569707 -0.567302 
-0.562315 -0.575627 -0.575628 -0.575628 -0.57563 -0.561946 0 -0.569707 -0.567302 
-0.562315 -0.575627 -0.575628 -0.575628 -0.57563 -0.561946 0 -0.569707 -0.567302 
-0.562315 -0.575627 -0.575628 -0.575628 -0.57563 -0.561946 0 -0.569707 -0.567302 
-0.562315 -0.575627 -0.575628 -0.575628 -0.57563 -0.561946 0 -0.569707 -0.567302 
-0.562315 -0.575627 -0.575628 -0.575628 -0.57563 -0.561946 0 -0.569707 -0.567302 
-0.562315 -0.575627 -0.575628 -0.575628 -0.57563 -0.561946 0 -0.569707 -0.567302 
-0.562315 -0.575627 -0.575628 -0.575628 -0.57563 -0.561946 0 -0.569707 -0.567302 
-0.562315 -0.575627 -0.575628 -0.575628 -0.57563 -0.561946 0 -0.569707 -0.567302 
-0.562315 -0.575627 -0.575628 -0.575628 -0.57563 -0.561946 0 -0.569707 -0.567302 
-0.562315 -0.575627 -0.575628 -0.575628 -0.57563 -0.561946 0 -0.569707 -0.567302 
-0.562315 -0.575627 -0.575628 -0.575628 -0.57563 -0.561946 0 -0.569707 -0.567302 
-0.562315 -0.575627 -0.575628 -0.575628 -0.57563 -0.561946 0 -0.569707 -0.567302 
-0.562315 -0.575627 -0.575628 -0.575628 -0.57563 -0.561946 0 -0.569707 -0.567302 
-0.562315 -0.575627 -0.575628 -0.575628 -0.57563 -0.561946 0 -0.569707 -0.567302 
-0.562315 -0.575627 -0.575628 -0.575628 -0.57563 -0.561946 0 -0.569707 -0.567302 
-0.562315 -0.575627 -0.575628 -0.575628 -0.57563 -0.561946 0 -0.569707 -0.567302 
-0.562315 -0.575627 -0.575628 -0.575628 -0.57563 -0.561946 0 -0.569707 -0.567302 
-0.562315 -0.575627 -0.575628 -0.575628 -0.57563 -0.561946 0 -0.569707 -0.567302 
-0.562315 -0.575627 -0.575628 -0.575628 -0.57563 -0.561946 0 -0.569707 -0.567302 
-0.562315 -0.575627 -0.575628 -0.575628 -0.57563 -0.561946 0 -0.569707 -0.567302 
-0.562315 -0.575627 -0.575628 -0.575628 -0.57563 -0.561946 0 -0.569707 -0.567302 
-0.562315 -0.575627 -0.575628 -0.575628 -0.57563 -0.561946 0 -0.569707 -0.567302 
-0.562315 -0.575627 -0.575628 -0.575628 -0.57563 -0.561946 0 -0.569707 -0.567302 
-0.562315 -0.575627 -0.575628 -0.575628 -0.57563 -0.561946 0 -0.569707 -0.567302 
-0.562315 -0.575627 -0.575628 -0.575628 -0.57563 -0.561946 0 -0.569707 -0.567302 
-0.562315 -0.575627 -0.575628 -0.575628 -0.57563 -0.561946 0 -0.569707 -0.567302 
-0.562315 -0.575627 -0.575628 -0.575628 -0.57563 -0.561946 0 -0.569707 -0.567302 
-0.562315 -0.575627 -0.575628 -0.575628 -0.57563 -0.561946 0 -0.569707 -0.567302 
-0.562315 -0.575627 -0.575628 -0.575628 -0.57563 -0.561946 0 -0.569707 -0.567302 
-0.562315 -0.575627 -0.575628 -0.575628 -0.57563 -0.561946 0 -0.569707 -0.567302 
-0.562315 -0.575627 -0.575628 -0.575628 -0.57563 -0.561946 0 -0.569707 -0.567302 
-0.562315 -0.575627 -0.575628 -0.575628 -0.57563 -0.561946 0 -0.569707 -0.567302 
-0.562315 -0.575627 -0.575628 -0.575628 -0.57563 -0.561946 0 -0.569707 -0.567302 
-0.562315 -0.575627 -0.575628 -0.575628 -0.57563 -0.561946 0 -0.569707 -0.567302 
-0.562315 -0.575627 -0.575628 -0.575628 -0.57563 -0.561946 0 -0.569707 -0.567302 
-0.562315 -0.575627 -0.575628 -0.575628 -0.57563 -0.561946 0 -0.569707 -0.567302 
-0.562315 -0.575627 -0.575628 -0.575628 -0.57563 -0.561946 0 -0.569707 -0.567302 
-0.562315 -0.575627 -0.575628 -0.575628 -0.57563 -0.561946 0 -0.569707 -0.567302 
-0.562315 -0.575627 -0.575628 -0.575628 -0.57563 -0.561946 0 -0.569707 -0.567302 
-0.562315 -0.575627 -0.575628 -0.575628 -0.57563 -0.561946 0 -0.569707 -0.567302 
-0.562315 -0.575627 -0.575628 -0.575628 -0.57563 -0.561946 0 -0.569707 -0.567302 
-0.562315 -0.575627 -0.575628 -0.575628 -0.57563 -0.561946 0 -0.569707 -0.567302 
-0.562315 -0.575627 -0.575628 -0.575628 -0.57563 -0.561946 0 -0.569707 -0.567302 
-0.562315 -0.575627 -0.575628 -0.575628 -0.57563 -0.561946 0 -0.569707 -0.567302 
-0.562315 -0.575627 -0.575628 -0.575628 -0.57563 -0.561946 0 -0.569707 -0.567302 
-0.562315 -0.575627 -0.575628 -0.575628 -0.57563 -0.561946 0 -0.569707 -0.567302 
-0.562315 -0.575627 -0.575628 -0.575628 -0.57563 -0.561946 0 -0.569707 -0.567302 
-0.562315 -0.575627 -0.575628 -0.575628 -0.57563 -0.561946 0 -0.569707 -0.567302 
-0.562315 -0.575627 -0.575628 -0.575628 -0.57563 -0.561946 0 -0.569707 -0.567302 
-0.562315 -0.575627 -0.575628 -0.575628 -0.57563 -0.561946 0 -0.569707 -0.567302 
-0.562315 -0.575627 -0.575628 -0.575628 -0.57563 -0.561946 0 -0.569707 -0.567302 
-0.562315 -0.575627 -0.575628 -0.575628 -0.57563 -0.561946 0 -0.569707 -0.567302 
-0.562315 -0.575627 -0.575628 -0.575628 -0.57563 -0.561946 0 -0.569707 -0.567302 
-0.562315 -0.575627 -0.575628 -0.575628 -0.57563 -0.561946 0 -0.569707 -0.567302 
-0.562315 -0.575627 -0.575628 -0.575628 -0.57563 -0.561946 0 -0.569707 -0.567302 
-0.562315 -0.575627 -0.575628 -0.575628 -0.57563 -0.561946 0 -0.569707 -0.567302 
-0.562315 -0.575627 -0.575628 -0.575628 -0.57563 -0.561946 0 -0.569707 -0.567302 
-0.562315 -0.575627 -0.575628 -0.575628 -0.57563 -0.561946 0 -0.569707 -0.567302 
-0.562315 -0.575627 -0.575628 -0.575628 -0.57563 -0.561946 0 -0.569707 -0.567302 
-0.562315 -0.575627 -0.575628 -0.575628 -0.57563 -0.561946 0 -0.569707 -0.567302 
-0.562315 -0.575627 -0.575628 -0.575628 -0.57563 -0.561946 0 -0.569707 -0.567302 
-0.562315 -0.575627 -0.575628 -0.575628 -0.57563 -0.561946 0 -0.569707 -0.567302 
-0.562315 -0.575627 -0.575628 -0.575628 -0.57563 -0.561946 0 -0.569707 -0.567302 
-0.562315 -0.575627 -0.575628 -0.575628 -0.57563 -0.561946 0 -0.569707 -0.567302 
-0.562315 -0.575627 -0.575628 -0.575628 -0.57563 -0.561946 0 -0.569707 -0.567302 
-0.562315 -0.575627 -0.575628 -0.575628 -0.57563 -0.561946 0 -0.569707 -0.567302 
-0.562315 -0.575627 -0.575628 -0.575628 -0.57563 -0.561946 0 -0.569707 -0.567302 
-0.562315 -0.575627 -0.575628 -0.575628 -0.57563 -0.561946 0 -0.569707 -0.567302 
-0.562315 -0.575627 -0.575628 -0.575628 -0.57563 -0.561946 0 -0.569707 -0.567302 
-0.562315 -0.575627 -0.575628 -0.575628 -0.57563 -0.561946 0 -0.569707 -0.567302 
-0.562315 -0.575627 -0.575628 -0.575628 -0.57563 -0.561946 0 -0.569707 -0.567302 
-0.562315 -0.575627 -0.575628 -0.575628 -0.57563 -0.561946 0 -0.569707 -0.567302 
-0.562315 -0.575627 -0.575628 -0.575628 -0.57563 -0.561946 0 -0.569707 -0.567302 
-0.562315 -0.575627 -0.575628 -0.575628 -0.57563 -0.561946 0 -0.569707 -0.567302 
-0.562315 -0.575627 -0.575628 -0.575628 -0.57563 -0.561946 0 -0.569707 -0.567302 
-0.562315 -0.575627 -0.575628 -0.575628 -0.57563 -0.561946 0 -0.569707 -0.567302 
-0.562315 -0.575627 -0.575628 -0.575628 -0.57563 -0.561946 0 -0.569707 -0.567302 
-0.562315 -0.575627 -0.575628 -0.575628 -0.57563 -0.561946 0 -0.569707 -0.567302 
-0.562315 -0.575627 -0.575628 -0.575628 -0.57563 -0.561946 0 -0.569707 -0.567302 
-0.562315 -0.575627 -0.575628 -0.575628 -0.57563 -0.561946 0 -0.569707 -0.567302 
-0.562315 -0.575627 -0.575628 -0.575628 -0.57563 -0.561946 0 -0.569707 -0.567302 
-0.562315 -0.575627 -0.575628 -0.575628 -0.57563 -0.561946 0 -0.569707 -0.567302 
-0.562315 -0.575627 -0.575628 -0.575628 -0.57563 -0.561946 0 -0.569707 -0.567302 
-0.562315 -0.575627 -0.575628 -0.575628 -0.57563 -0.561946 0 -0.569707 -0.567302 
-0.562315 -0.575627 -0.575628 -0.575628 -0.57563 -0.561946 0 -0.569707 -0.567302 
-0.562315 -0.575627 -0.575628 -0.575628 -0.57563 -0.561946 0 -0.569707 -0.567302 
-0.562315 -0.575627 -0.575628 -0.575628 -0.57563 -0.561946 0 -0.569707 -0.567302 
-0.562315 -0.575627 -0.575628 -0.575628 -0.57563 -0.561946 0 -0.569707 -0.567302 
-0.562315 -0.575627 -0.575628 -0.575628 -0.57563 -0.561946 0 -0.569707 -0.567302 
-0.562315 -0.575627 -0.575628 -0.575628 -0.57563 -0.561946 0 -0.569707 -0.567302 
-0.562315 -0.575627 -0.575628 -0.575628 -0.57563 -0.561946 0 -0.569707 -0.567302 
-0.562315 -0.575627 -0.575628 -0.575628 -0.57563 -0.561946 0 -0.569707 -0.567302 
-0.562315 -0.575627 -0.575628 -0.575628 -0.57563 -0.561946 0 -0.569707 -0.567302 
-0.562315 -0.575627 -0.575628 -0.575628 -0.57563 -0.561946 0 -0.569707 -0.567302 
-0.562315 -0.575627 -0.575628 -0.575628 -0.57563 -0.561946 0 -0.569707 -0.567302 
-0.562315 -0.575627 -0.575628 -0.575628 -0.57563 -0.561946 0 -0.569707 -0.567302 
-0.562315 -0.575627 -0.575628 -0.575628 -0.57563 -0.561946 0 -0.569707 -0.567302 
-0.562315 -0.575627 -0.575628 -0.575628 -0.57563 -0.561946 0 -0.569707 -0.567302 
-0.562315 -0.575627 -0.575628 -0.575628 -0.57563 -0.561946 0 -0.569707 -0.567302 
-0.562315 -0.575627 -0.575628 -0.575628 -0.57563 -0.561946 0 -0.569707 -0.567302 
-0.562315 -0.575627 -0.575628 -0.575628 -0.57563 -0.561946 0 -0.569707 -0.567302 
-0.562315 -0.575627 -0.575628 -0.575628 -0.57563 -0.561946 0 -0.569707 -0.567302 
-0.562315 -0.575627 -0.575628 -0.575628 -0.57563 -0.561946 0 -0.569707 -0.567302 
-0.562315 -0.575627 -0.575628 -0.575628 -0.57563 -0.561946 0 -0.569707 -0.567302 
-0.562315 -0.575627 -0.575628 -0.575628 -0.57563 -0.561946 0 -0.569707 -0.567302 
-0.562315 -0.575627 -0.575628 -0.575628 -0.57563 -0.561946 0 -0.569707 -0.567302 
-0.562315 -0.575627 -0.575628 -0.575628 -0.57563 -0.561946 0 -0.569707 -0.567302 
-0.562315 -0.575627 -0.575628 -0.575628 -0.57563 -0.561946 0 -0.569707 -0.567302 
-0.562315 -0.575627 -0.575628 -0.575628 -0.57563 -0.561946 0 -0.569707 -0.567302 
-0.562315 -0.575627 -0.575628 -0.575628 -0.57563 -0.561946 0 -0.569707 -0.567302 
-0.562315 -0.575627 -0.575628 -0.575628 -0.57563 -0.561946 0 -0.569707 -0.567302 
-0.562315 -0.575627 -0.575628 -0.575628 -0.57563 -0.555314 0 -0.569707 -0.567302 
-0.562315 -0.575627 -0.575628 -0.575628 -0.57563 -0.532948 0 -0.569707 -0.567302 
-0.562315 -0.575627 -0.575628 -0.575628 -0.57563 -0.512042 0 -0.569707 -0.567302 
-0.562315 -0.575627 -0.575628 -0.575628 -0.57563 -0.478868 0 -0.569707 -0.567302 
-0.562315 -0.575627 -0.575628 -0.575628 -0.57563 -0.437056 0 -0.569707 -0.567302 
-0.562315 -0.575627 -0.575628 -0.575628 -0.57563 -0.403745 0 -0.569707 -0.567302 
-0.562315 -0.575627 -0.575628 -0.575628 -0.57563 -0.353895 0 -0.569707 -0.567302 
-0.562315 -0.575627 -0.575628 -0.575628 -0.57563 -0.292219 0 -0.569707 -0.567302 
-0.562315 -0.575627 -0.575628 -0.575628 -0.57563 -0.23065 0 -0.569707 -0.567302 
-0.562315 -0.575627 -0.575628 -0.575628 -0.57563 -0.125877 0 -0.569707 -0.567302 
-0.562315 -0.575627 -0.575628 -0.575628 -0.57563 -0.0727716 0 -0.569707 -0.567302 
-0.562315 -0.575627 -0.575628 -0.575628 -0.57563 0.0525302 0 -0.569707 -0.567302 
-0.562315 -0.575627 -0.575628 -0.575628 -0.57563 0.0954566 0 -0.569707 -0.567302 
-0.562315 -0.575627 -0.575628 -0.575628 -0.57563 0.213366 0 -0.569707 -0.567302 
-0.562315 -0.575627 -0.575628 -0.575628 -0.57563 0.331364 0 -0.569707 -0.567302 
-0.562315 -0.575627 -0.575628 -0.575628 -0.57563 0.448953 0 -0.569707 -0.567302 
-0.53324 1.6427 1.64756 1.66826 1.67734 0.613802 0 -0.569707 -0.209919 
-0.119537 1.70102 1.70629 1.72146 1.73227 0.723591 0 -0.569707 0.147464 
0.688819 1.72321 1.72897 1.7355 1.74442 0.867784 0 -0.569707 0.683538 
1.3315 1.73208 1.73498 1.73659 1.73649 0.960452 0 -0.569707 1.04092 
1.88454 1.73758 1.73435 1.73858 1.73582 1.1419 0 -0.569707 1.577 
1.94615 1.73811 1.73717 1.73067 1.72608 1.31727 0 -0.569707 1.577 
1.93383 1.73801 1.73606 1.73558 1.73516 1.49232 0 -0.569707 1.75569 
1.55748 1.73452 1.73494 1.73724 1.73653 1.69536 0 -0.100268 1.75569 
1.3701 1.73252 1.73406 1.74124 1.73622 1.84799 0 0.36917 1.75569 
1.50433 1.73396 1.73304 1.74392 1.73994 1.87711 0 0.838608 1.75569 
1.59135 1.73485 1.73617 1.74154 1.7373 1.88841 0 1.30805 1.75569 
1.98915 1.73848 1.73488 1.7424 1.73813 1.90447 0 1.77749 1.75569 
1.98712 1.73846 1.7382 1.73072 1.72871 1.98275 0 1.77749 1.3983 
1.93839 1.73805 1.73693 1.73414 1.73694 1.88536 0 1.77749 1.75569 
1.53903 1.73433 1.73552 1.73541 1.73904 1.99506 0 1.77749 1.75569 
1.3978 1.73282 1.73442 1.7376 1.73521 1.87479 0 1.77749 1.75569 
1.58853 1.73483 1.73396 1.73838 1.73738 2.04367 0 1.77749 1.75569 
1.73378 1.73622 1.73712 1.73881 1.73552 1.90902 0 1.77749 1.75569 
2.11435 1.73951 1.73589 1.74032 1.73815 1.97051 0 1.77749 1.75569 
2.09744 1.73937 1.74 1.72947 1.73414 2.00708 0 1.77749 1.3983 
2.01896 1.73873 1.7381 1.7343 1.74158 1.87867 0 1.77749 1.75569 
1.60469 1.73499 1.7367 1.73556 1.74197 2.06083 0 1.77749 1.75569 
1.49447 1.73385 1.73556 1.73728 1.73969 1.86792 0 1.77749 1.75569 
1.71124 1.73602 1.73577 1.73625 1.74089 2.13695 0 1.77749 1.75569 
1.85714 1.73734 1.7381 1.73217 1.7318 1.8565 0 1.77749 1.93438 
2.16124 1.73988 1.73633 1.73096 1.73023 1.96333 0 1.77749 1.75569 
2.09332 1.73934 1.74047 1.72498 1.73289 1.91954 0 1.77749 1.577 
1.97883 1.7384 1.73778 1.73544 1.74418 1.83014 0 1.77749 1.75569 
1.55484 1.73448 1.73682 1.7355 1.73951 2.0916 0 1.77749 1.75569 
1.53795 1.73431 1.7359 1.73719 1.73937 1.78812 0 1.77749 1.75569 
1.80957 1.73692 1.73737 1.73581 1.74216 2.0821 0 1.77749 1.75569 
1.96783 1.7383 1.7392 1.72689 1.72953 1.80315 0 1.77749 1.75569 
2.18144 1.74004 1.73687 1.72754 1.72478 1.86356 0 1.77749 1.75569 
2.01898 1.73873 1.74001 1.72515 1.72655 1.90902 0 1.77749 1.577 
1.87391 1.7375 1.73633 1.73556 1.74065 1.77325 0 1.77749 1.3983 
1.47988 1.7337 1.73632 1.73526 1.73685 2.06803 0 1.77749 1.577 
1.58528 1.7348 1.73594 1.73647 1.7404 1.79337 0 1.77749 1.3983 
1.89853 1.7377 1.73852 1.73363 1.74206 2.05474 0 1.77749 1.577 
2.05385 1.73902 1.73972 1.72799 1.73663 1.81955 0 1.77749 1.3983 
2.15902 1.73986 1.73684 1.7339 1.73397 1.86289 0 1.77749 1.93438 
1.8869 1.7376 1.73855 1.73029 1.73063 1.86509 0 1.77749 1.75569 
1.73584 1.73625 1.73425 1.73586 1.73805 1.73426 0 1.77749 1.75569 
1.40761 1.73292 1.73548 1.73632 1.73509 2.05056 0 1.77749 1.75569 
1.60314 1.73498 1.73543 1.73758 1.74263 1.71598 0 1.77749 1.75569 
1.92496 1.73793 1.73866 1.73393 1.74064 2.03499 0 1.77749 1.75569 
2.04638 1.73896 1.73925 1.73301 1.7394 1.72531 54.1377 1.77749 1.577 
2.07186 1.73917 1.73639 1.74022 1.73591 1.78817 111.5 1.77749 1.75569 
1.75914 1.73646 1.73725 1.73648 1.73316 1.83515 168.58 1.77749 1.75569 
1.62798 1.73521 1.73286 1.74086 1.7382 1.73269 225.784 1.77749 1.75569 
1.30521 1.73178 1.73434 1.73861 1.7337 2.04113 283.42 1.77749 1.75569 
1.55028 1.73444 1.7344 1.73787 1.74065 1.74461 287.343 1.77749 1.75569 
1.8895 1.73762 1.73764 1.73338 1.73626 1.95563 288.146 1.77749 1.75569 
1.98316 1.73843 1.73769 1.73149 1.73242 1.73217 289.166 1.77749 1.577 
1.97428 1.73836 1.73549 1.73956 1.73635 1.79181 289.552 1.77749 1.75569 
1.64902 1.73541 1.73645 1.73924 1.73369 1.87085 289.227 1.77749 1.75569 
1.5775 1.7347 1.73284 1.74678 1.73816 1.72935 288.523 1.77749 1.75569 
1.28319 1.73153 1.73413 1.74265 1.73233 2.01274 288.119 1.77749 1.75569 
1.55499 1.73448 1.73365 1.73905 1.7353 1.71857 288.055 1.77749 1.75569 
1.86067 1.73737 1.73628 1.73366 1.7271 1.90672 288.673 1.77749 1.75569 
1.94108 1.73807 1.73679 1.73223 1.72479 1.75386 289.377 1.77749 1.577 
1.88895 1.73763 1.73534 1.73749 1.731 1.84741 289.425 1.77749 1.75569 
1.55641 1.7345 1.73634 1.73749 1.73081 1.84835 288.693 1.77749 1.75569 
1.52051 1.73412 1.73271 1.74596 1.73726 1.77703 284.098 1.77749 1.75569 
1.30001 1.73173 1.73417 1.7427 1.73259 1.96924 225.891 1.77749 1.75569 
1.64354 1.73536 1.73358 1.74318 1.739 1.72949 167.874 1.77749 1.75569 
1.90045 1.73772 1.73585 1.73644 1.73162 1.90004 110.47 1.77749 1.75569 
1.96056 1.73824 1.73704 1.73418 1.72724 1.78468 53.4399 1.77749 1.75569 
1.84166 1.73722 1.73558 1.73632 1.73391 1.84632 0 1.77749 1.75569 
1.48685 1.73377 1.7363 1.73446 1.72991 1.86525 0 1.77749 1.93438 
1.48914 1.7338 1.73261 1.74113 1.73845 1.77671 0 1.77749 2.11307 
1.38046 1.73264 1.73494 1.74141 1.73556 2.01165 0 1.77749 2.11307 
1.7939 1.73677 1.73426 1.74656 1.74162 1.80401 0 1.77749 2.11307 
1.98645 1.73846 1.73663 1.73763 1.73521 1.94688 0 1.77749 2.11307 
2.00679 1.73863 1.73798 1.73216 1.72922 1.85794 0 1.77749 1.577 
1.85183 1.7373 1.73625 1.73577 1.74133 1.9283 0 1.77749 1.75569 
1.50706 1.73398 1.73701 1.73511 1.73738 1.9864 0 1.77749 1.75569 
1.56026 1.73454 1.7336 1.73909 1.74144 1.84355 0 1.77749 1.75569 
1.48881 1.7338 1.73604 1.73605 1.73301 2.06667 0 1.77749 1.75569 
1.86364 1.7374 1.73442 1.73803 1.73691 1.88075 0 1.77749 1.75569 
2.05494 1.73903 1.73785 1.72933 1.72737 2.03554 0 1.77749 1.75569 
2.09102 1.73932 1.73921 1.73098 1.73669 1.89459 0 1.77749 1.75569 
1.88986 1.73764 1.73705 1.73545 1.74312 2.0017 0 1.77749 1.577 
1.53538 1.73427 1.73761 1.73465 1.73545 1.98365 0 1.77749 1.75569 
1.63143 1.73525 1.73471 1.7392 1.74113 1.88737 0 1.77749 1.75569 
1.62115 1.73514 1.73777 1.73389 1.73258 1.99373 0 1.77749 1.75569 
1.98182 1.73842 1.73581 1.73257 1.72945 1.92076 0 1.77749 1.75569 
2.14263 1.73973 1.73964 1.72475 1.72489 2.01034 0 1.77749 1.577 
2.13132 1.73964 1.73972 1.73137 1.73905 1.9275 0 1.77749 1.75569 
1.83231 1.73712 1.73685 1.73629 1.74513 1.97138 0 1.77749 1.75569 
1.51581 1.73407 1.73739 1.73455 1.73366 1.93151 0 1.77749 1.75569 
1.68375 1.73576 1.73546 1.7381 1.73925 1.87074 0 1.77749 1.75569 
1.73887 1.73626 1.73905 1.73139 1.73495 1.92526 0 1.77749 1.75569 
2.10087 1.7394 1.73704 1.73221 1.74094 1.92022 0 1.77749 1.75569 
2.14678 1.73977 1.73999 1.72619 1.72696 1.98959 0 1.77749 1.577 
2.03332 1.73885 1.73809 1.73024 1.73675 1.91392 0 1.77749 1.75569 
1.7048 1.73595 1.73559 1.73541 1.73834 1.96061 0 1.77749 1.93438 
1.46899 1.73359 1.73651 1.7356 1.7372 1.90376 0 1.77749 1.75569 
1.697 1.73588 1.73568 1.73739 1.73863 1.85513 0 1.77749 1.93438 
1.7951 1.73678 1.73945 1.7316 1.73789 1.92789 0 1.77749 1.75569 
2.10631 1.73945 1.73729 1.73625 1.74247 1.87503 0 1.77749 1.75569 
2.02273 1.73876 1.73879 1.73092 1.72868 2.01762 0 1.77749 1.3983 
1.88207 1.73756 1.73559 1.73235 1.73075 1.85663 0 1.77749 1.75569 
1.56922 1.73462 1.73397 1.73726 1.73509 1.96648 57.1077 1.77749 1.75569 
1.40416 1.7329 1.73511 1.73663 1.7342 1.83688 114.687 1.77749 1.75569 
1.69504 1.73586 1.7355 1.73778 1.74193 1.87444 172.57 1.77749 1.75569 
1.79665 1.7368 1.73887 1.73241 1.73807 1.87986 230.66 1.77749 1.93438 
2.05823 1.73906 1.73654 1.73746 1.73742 1.84627 288.6 1.77749 1.75569 
1.92169 1.73791 1.73762 1.73493 1.73078 1.95371 289.006 1.77749 1.75569 
1.79407 1.73677 1.7346 1.74051 1.73786 1.8348 288.813 1.77749 1.75569 
1.47287 1.73362 1.73336 1.74385 1.73999 1.90864 288.462 1.77749 1.75569 
1.32387 1.73201 1.73392 1.73893 1.7349 1.78415 288.273 1.77749 1.75569 
1.66754 1.73559 1.73486 1.73767 1.73732 1.87042 288.505 1.77749 1.75569 
1.78166 1.73666 1.73802 1.7305 1.73061 1.82253 289.401 1.77749 1.3983 
2.0017 1.73859 1.73579 1.73702 1.73022 1.85072 290.097 1.77749 1.75569 
1.84103 1.7372 1.73697 1.73635 1.73121 1.87793 290.228 1.77749 1.93438 
1.72917 1.73617 1.73452 1.74359 1.73846 1.79964 289.765 1.77749 2.11307 
1.40233 1.73287 1.73327 1.7457 1.73672 1.85563 289.083 1.77749 2.11307 
1.31915 1.73195 1.73339 1.7421 1.73714 1.74227 288.426 1.77749 2.11307 
1.68097 1.73571 1.73406 1.74052 1.7351 1.85641 288.401 1.77749 2.11307 
1.79181 1.73676 1.73713 1.73287 1.72498 1.84147 288.957 1.77749 1.75569 
1.98052 1.73841 1.73553 1.73745 1.72325 1.82884 289.289 1.77749 1.75569 
1.77268 1.73659 1.73709 1.73288 1.72778 1.90657 289.188 1.77749 1.75569 
1.64951 1.73541 1.73448 1.73957 1.73497 1.7951 288.522 1.77749 2.29176 
1.34164 1.73221 1.73316 1.74208 1.73655 1.96536 248.283 1.77749 2.11307 
1.39238 1.73277 1.73366 1.74534 1.73717 1.76171 190.064 1.77749 2.29176 
1.77402 1.73659 1.73428 1.74462 1.73873 1.9918 132.293 1.77749 2.11307 
1.86664 1.73743 1.73725 1.7363 1.73187 1.85106 74.9034 1.77749 1.75569 
2.00856 1.73865 1.73588 1.73745 1.73188 1.83749 17.8171 1.77749 1.75569 
1.76031 1.73647 1.7379 1.73106 1.73333 1.92284 0 1.77749 1.75569 
1.64437 1.73536 1.7352 1.73741 1.73785 1.80332 0 1.77749 2.11307 
1.36146 1.73243 1.73383 1.73855 1.73719 2.1023 0 1.77749 2.11307 
1.46574 1.73355 1.73378 1.74233 1.73953 1.78581 0 1.77749 2.11307 
1.82673 1.73707 1.73426 1.73962 1.73734 2.04983 0 1.77749 2.11307 
1.92919 1.73797 1.73788 1.73263 1.72824 1.78644 0 1.77749 1.93438 
2.05997 1.73907 1.73658 1.73704 1.74013 1.54766 0 1.77749 1.75569 
1.76904 1.73655 1.73857 1.73321 1.74028 1.44128 0 1.77749 1.75569 
1.66727 1.73559 1.73569 1.73756 1.74185 1.18839 0 1.77749 1.75569 
1.44715 1.73336 1.73515 1.73673 1.73845 1.17331 0 1.77749 1.75569 
1.57534 1.73468 1.73462 1.73635 1.73371 0.945975 0 1.77749 1.75569 
1.92589 1.73794 1.73555 1.73221 1.72906 0.83819 0 1.77749 1.75569 
2.04457 1.73894 1.73936 1.72913 1.72676 0.689205 0 1.77749 1.3983 
2.11696 1.73954 1.73741 1.73634 1.7428 0.50533 0 1.77749 1.75569 
1.76999 1.73655 1.73919 1.73219 1.73913 0.439877 0 1.77749 1.93438 
1.67393 1.73566 1.73585 1.7372 1.73749 0.274636 0 1.77749 1.75569 
1.50532 1.73397 1.73647 1.73566 1.73774 0.242365 0 1.77749 1.93438 
1.71273 1.73602 1.73619 1.73449 1.73703 0.0939088 0 1.77749 1.75569 
2.07872 1.73922 1.73802 1.73056 1.73727 0.00775645 0 1.77749 1.93438 
2.16332 1.7399 1.74059 1.72493 1.72672 -0.084632 0 1.77749 1.3983 
2.08914 1.73931 1.73682 1.73224 1.74095 -0.194162 0 1.77749 1.75569 
1.68816 1.73578 1.7385 1.73179 1.73409 -0.238552 0 1.77749 1.75569 
1.59153 1.73491 1.73363 1.73807 1.74153 -0.343747 0 1.77749 1.3983 
0.796443 1.72512 1.7216 1.72961 1.73406 -0.346548 0 1.77749 0.86223 
-0.286083 1.69104 1.69218 1.68939 1.69988 -0.433592 0 1.77749 0.504847 
-0.550132 1.62427 1.6278 1.62694 1.64018 -0.456522 0 1.77749 -0.0312276 
-0.562315 -0.575627 -0.575628 -0.575628 -0.57563 -0.504123 0 1.77749 -0.567302 
-0.562315 -0.575627 -0.575628 -0.575628 -0.57563 -0.525029 0 1.77749 -0.567302 
-0.562315 -0.575627 -0.575628 -0.575628 -0.57563 -0.540231 0 1.77749 -0.567302 
-0.562315 -0.575627 -0.575628 -0.575628 -0.57563 -0.560404 0 1.30805 -0.567302 
-0.562315 -0.575627 -0.575628 -0.575628 -0.57563 -0.561946 0 0.838608 -0.567302 
-0.562315 -0.575627 -0.575628 -0.575628 -0.57563 -0.561946 0 0.36917 -0.567302 
-0.562315 -0.575627 -0.575628 -0.575628 -0.57563 -0.561946 0 -0.100268 -0.567302 
-0.562315 -0.575627 -0.575628 -0.575628 -0.57563 -0.561946 0 -0.569707 -0.567302 
-0.562315 -0.575627 -0.575628 -0.575628 -0.57563 -0.561946 0 -0.569707 -0.567302 
-0.562315 -0.575627 -0.575628 -0.575628 -0.57563 -0.561946 0 -0.569707 -0.567302 
-0.562315 -0.575627 -0.575628 -0.575628 -0.57563 -0.561946 0 -0.569707 -0.567302 
-0.562315 -0.575627 -0.575628 -0.575628 -0.57563 -0.561946 0 -0.569707 -0.567302 
-0.562315 -0.575627 -0.575628 -0.575628 -0.57563 -0.561946 0 -0.569707 -0.567302 
-0.562315 -0.575627 -0.575628 -0.575628 -0.57563 -0.561946 0 -0.569707 -0.567302 
-0.562315 -0.575627 -0.575628 -0.575628 -0.57563 -0.561946 0 -0.569707 -0.567302 
-0.562315 -0.575627 -0.575628 -0.575628 -0.57563 -0.561946 0 -0.569707 -0.567302 
-0.562315 -0.575627 -0.575628 -0.575628 -0.57563 -0.561946 0 -0.569707 -0.567302 
-0.562315 -0.575627 -0.575628 -0.575628 -0.57563 -0.561946 0 -0.569707 -0.567302 
-0.562315 -0.575627 -0.575628 -0.575628 -0.57563 -0.561946 0 -0.569707 -0.567302 
-0.562315 -0.575627 -0.575628 -0.575628 -0.57563 -0.561946 0 -0.569707 -0.567302 
-0.562315 -0.575627 -0.575628 -0.575628 -0.57563 -0.561946 0 -0.569707 -0.567302 
-0.562315 -0.575627 -0.575628 -0.575628 -0.57563 -0.561946 0 -0.569707 -0.567302 
-0.562315 -0.575627 -0.575628 -0.575628 -0.57563 -0.561946 0 -0.569707 -0.567302 
-0.562315 -0.575627 -0.575628 -0.575628 -0.57563 -0.561946 0 -0.569707 -0.567302 
-0.562315 -0.575627 -0.575628 -0.575628 -0.57563 -0.561946 0 -0.569707 -0.567302 
-0.562315 -0.575627 -0.575628 -0.575628 -0.57563 -0.561946 0 -0.569707 -0.567302 
-0.562315 -0.575627 -0.575628 -0.575628 -0.57563 -0.561946 0 -0.569707 -0.567302 
-0.562315 -0.575627 -0.575628 -0.575628 -0.57563 -0.561946 0 -0.569707 -0.567302 
-0.562315 -0.575627 -0.575628 -0.575628 -0.57563 -0.561946 0 -0.569707 -0.567302 
-0.562315 -0.575627 -0.575628 -0.575628 -0.57563 -0.561946 0 -0.569707 -0.567302 
-0.562315 -0.575627 -0.575628 -0.575628 -0.57563 -0.561946 0 -0.569707 -0.567302 
-0.562315 -0.575627 -0.575628 -0.575628 -0.57563 -0.561946 0 -0.569707 -0.567302 
-0.562315 -0.575627 -0.575628 -0.575628 -0.57563 -0.561946 0 -0.569707 -0.567302 
-0.562315 -0.575627 -0.575628 -0.575628 -0.57563 -0.561946 0 -0.569707 -0.567302 
-0.562315 -0.575627 -0.575628 -0.575628 -0.57563 -0.561946 0 -0.569707 -0.567302 
-0.562315 -0.575627 -0.575628 -0.575628 -0.57563 -0.561946 0 -0.569707 -0.567302 
-0.562315 -0.575627 -0.575628 -0.575628 -0.57563 -0.561946 0 -0.569707 -0.567302 
-0.562315 -0.575627 -0.575628 -0.575628 -0.57563 -0.561946 0 -0.569707 -0.567302 
-0.562315 -0.575627 -0.575628 -0.575628 -0.57563 -0.561946 0 -0.569707 -0.567302 
-0.562315 -0.575627 -0.575628 -0.575628 -0.57563 -0.561946 0 -0.569707 -0.567302 
-0.562315 -0.575627 -0.575628 -0.575628 -0.57563 -0.561946 0 -0.569707 -0.567302 
-0.562315 -0.575627 -0.575628 -0.575628 -0.57563 -0.561946 0 -0.569707 -0.567302 
-0.562315 -0.575627 -0.575628 -0.575628 -0.57563 -0.561946 0 -0.569707 -0.567302 
-0.562315 -0.575627 -0.575628 -0.575628 -0.57563 -0.561946 0 -0.569707 -0.567302 
-0.562315 -0.575627 -0.575628 -0.575628 -0.57563 -0.561946 0 -0.569707 -0.567302 
-0.562315 -0.575627 -0.575628 -0.575628 -0.57563 -0.561946 0 -0.569707 -0.567302 
-0.562315 -0.575627 -0.575628 -0.575628 -0.57563 -0.561946 0 -0.569707 -0.567302 
-0.562315 -0.575627 -0.575628 -0.575628 -0.57563 -0.561946 0 -0.569707 -0.567302 
-0.562315 -0.575627 -0.575628 -0.575628 -0.57563 -0.561946 0 -0.569707 -0.567302 
-0.562315 -0.575627 -0.575628 -0.575628 -0.57563 -0.561946 0 -0.569707 -0.567302 
-0.562315 -0.575627 -0.575628 -0.575628 -0.57563 -0.561946 0 -0.569707 -0.567302 
-0.562315 -0.575627 -0.575628 -0.575628 -0.57563 -0.561946 0 -0.569707 -0.567302 
-0.562315 -0.575627 -0.575628 -0.575628 -0.57563 -0.561946 0 -0.569707 -0.567302 
-0.562315 -0.575627 -0.575628 -0.575628 -0.57563 -0.561946 0 -0.569707 -0.567302 
-0.562315 -0.575627 -0.575628 -0.575628 -0.57563 -0.561946 0 -0.569707 -0.567302 
-0.562315 -0.575627 -0.575628 -0.575628 -0.57563 -0.561946 0 -0.569707 -0.567302 
-0.562315 -0.575627 -0.575628 -0.575628 -0.57563 -0.561946 0 -0.569707 -0.567302 
-0.562315 -0.575627 -0.575628 -0.575628 -0.57563 -0.561946 0 -0.569707 -0.567302 
-0.562315 -0.575627 -0.575628 -0.575628 -0.57563 -0.561946 0 -0.569707 -0.567302 
-0.562315 -0.575627 -0.575628 -0.575628 -0.57563 -0.561946 0 -0.569707 -0.567302 
-0.562315 -0.575627 -0.575628 -0.575628 -0.57563 -0.561946 0 -0.569707 -0.567302 
-0.562315 -0.575627 -0.575628 -0.575628 -0.57563 -0.561946 0 -0.569707 -0.567302 
-0.562315 -0.575627 -0.575628 -0.575628 -0.57563 -0.561946 0 -0.569707 -0.567302 
-0.562315 -0.575627 -0.575628 -0.575628 -0.57563 -0.561946 0 -0.569707 -0.567302 
-0.562315 -0.575627 -0.575628 -0.575628 -0.57563 -0.561946 0 -0.569707 -0.567302 
-0.562315 -0.575627 -0.575628 -0.575628 -0.57563 -0.561946 0 -0.569707 -0.567302 
-0.562315 -0.575627 -0.575628 -0.575628 -0.57563 -0.561946 0 -0.569707 -0.567302 
-0.562315 -0.575627 -0.575628 -0.575628 -0.57563 -0.561946 0 -0.569707 -0.567302 
-0.562315 -0.575627 -0.575628 -0.575628 -0.57563 -0.561946 0 -0.569707 -0.567302 
-0.562315 -0.575627 -0.575628 -0.575628 -0.57563 -0.561946 0 -0.569707 -0.567302 
-0.562315 -0.575627 -0.575628 -0.575628 -0.57563 -0.561946 0 -0.569707 -0.567302 
-0.562315 -0.575627 -0.575628 -0.575628 -0.57563 -0.561946 0 -0.569707 -0.567302 
-0.562315 -0.575627 -0.575628 -0.575628 -0.57563 -0.561946 0 -0.569707 -0.567302 
-0.562315 -0.575627 -0.575628 -0.575628 -0.57563 -0.561946 0 -0.569707 -0.567302 
-0.562315 -0.575627 -0.575628 -0.575628 -0.57563 -0.561946 0 -0.569707 -0.567302 
-0.562315 -0.575627 -0.575628 -0.575628 -0.57563 -0.561946 0 -0.569707 -0.567302 
-0.562315 -0.575627 -0.575628 -0.575628 -0.57563 -0.561946 0 -0.569707 -0.567302 
-0.562315 -0.575627 -0.575628 -0.575628 -0.57563 -0.561946 0 -0.569707 -0.567302 
-0.562315 -0.575627 -0.575628 -0.575628 -0.57563 -0.561946 0 -0.569707 -0.567302 
-0.562315 -0.575627 -0.575628 -0.575628 -0.57563 -0.561946 0 -0.569707 -0.567302 
-0.562315 -0.575627 -0.575628 -0.575628 -0.57563 -0.561946 0 -0.569707 -0.567302 
-0.562315 -0.575627 -0.575628 -0.575628 -0.57563 -0.561946 0 -0.569707 -0.567302 
-0.562315 -0.575627 -0.575628 -0.575628 -0.57563 -0.561946 0 -0.569707 -0.567302 
-0.562315 -0.575627 -0.575628 -0.575628 -0.57563 -0.561946 0 -0.569707 -0.567302 
-0.562315 -0.575627 -0.575628 -0.575628 -0.57563 -0.561946 0 -0.569707 -0.567302 
-0.562315 -0.575627 -0.575628 -0.575628 -0.57563 -0.561946 0 -0.569707 -0.567302 
-0.562315 -0.575627 -0.575628 -0.575628 -0.57563 -0.561946 0 -0.569707 -0.567302 
-0.562315 -0.575627 -0.575628 -0.575628 -0.57563 -0.561946 0 -0.569707 -0.567302 
-0.562315 -0.575627 -0.575628 -0.575628 -0.57563 -0.561946 0 -0.569707 -0.567302 
-0.562315 -0.575627 -0.575628 -0.575628 -0.57563 -0.561946 0 -0.569707 -0.567302 
-0.562315 -0.575627 -0.575628 -0.575628 -0.57563 -0.561946 0 -0.569707 -0.567302 
-0.562315 -0.575627 -0.575628 -0.575628 -0.57563 -0.561946 0 -0.569707 -0.567302 
-0.562315 -0.575627 -0.575628 -0.575628 -0.57563 -0.561946 0 -0.569707 -0.567302 
-0.562315 -0.575627 -0.575628 -0.575628 -0.57563 -0.561946 0 -0.569707 -0.567302 
-0.562315 -0.575627 -0.575628 -0.575628 -0.57563 -0.561946 0 -0.569707 -0.567302 
-0.562315 -0.575627 -0.575628 -0.575628 -0.57563 -0.561946 0 -0.569707 -0.567302 
-0.562315 -0.575627 -0.575628 -0.575628 -0.57563 -0.561946 0 -0.569707 -0.567302 
-0.562315 -0.575627 -0.575628 -0.575628 -0.57563 -0.561946 0 -0.569707 -0.567302 
-0.562315 -0.575627 -0.575628 -0.575628 -0.57563 -0.561946 0 -0.569707 -0.567302 
-0.562315 -0.575627 -0.575628 -0.575628 -0.57563 -0.561946 0 -0.569707 -0.567302 
-0.562315 -0.575627 -0.575628 -0.575628 -0.57563 -0.561946 0 -0.569707 -0.567302 
-0.562315 -0.575627 -0.575628 -0.575628 -0.57563 -0.561946 0 -0.569707 -0.567302 
-0.562315 -0.575627 -0.575628 -0.575628 -0.57563 -0.561946 0 -0.569707 -0.567302 
-0.562315 -0.575627 -0.575628 -0.575628 -0.57563 -0.561946 0 -0.569707 -0.567302 
-0.562315 -0.575627 -0.575628 -0.575628 -0.57563 -0.561946 0 -0.569707 -0.567302 
-0.562315 -0.575627 -0.575628 -0.575628 -0.57563 -0.561946 0 -0.569707 -0.567302 
-0.562315 -0.575627 -0.575628 -0.575628 -0.57563 -0.561946 0 -0.569707 -0.567302 
-0.562315 -0.575627 -0.575628 -0.575628 -0.57563 -0.561946 0 -0.569707 -0.567302 
-0.562315 -0.575627 -0.575628 -0.575628 -0.57563 -0.561946 0 -0.569707 -0.567302 
-0.562315 -0.575627 -0.575628 -0.575628 -0.57563 -0.561946 0 -0.569707 -0.567302 
-0.562315 -0.575627 -0.575628 -0.575628 -0.57563 -0.561946 0 -0.569707 -0.567302 
-0.562315 -0.575627 -0.575628 -0.575628 -0.57563 -0.561946 0 -0.569707 -0.567302 
-0.562315 -0.575627 -0.575628 -0.575628 -0.57563 -0.561946 0 -0.569707 -0.567302 
-0.562315 -0.575627 -0.575628 -0.575628 -0.57563 -0.561946 0 -0.569707 -0.567302 
-0.562315 -0.575627 -0.575628 -0.575628 -0.57563 -0.561946 0 -0.569707 -0.567302 
-0.562315 -0.575627 -0.575628 -0.575628 -0.57563 -0.561946 0 -0.569707 -0.567302 
-0.562315 -0.575627 -0.575628 -0.575628 -0.57563 -0.561946 0 -0.569707 -0.567302 
-0.562315 -0.575627 -0.575628 -0.575628 -0.57563 -0.561946 0 -0.569707 -0.567302 
-0.562315 -0.575627 -0.575628 -0.575628 -0.57563 -0.561946 0 -0.569707 -0.567302 
-0.562315 -0.575627 -0.575628 -0.575628 -0.57563 -0.561946 0 -0.569707 -0.567302 
-0.562315 -0.575627 -0.575628 -0.575628 -0.57563 -0.561946 0 -0.569707 -0.567302 
-0.562315 -0.575627 -0.575628 -0.575628 -0.57563 -0.561946 0 -0.569707 -0.567302 
-0.562315 -0.575627 -0.575628 -0.575628 -0.57563 -0.561946 0 -0.569707 -0.567302 
-0.562315 -0.575627 -0.575628 -0.575628 -0.57563 -0.561946 0 -0.569707 -0.567302 
-0.562315 -0.575627 -0.575628 -0.575628 -0.57563 -0.561946 0 -0.569707 -0.567302 
-0.562315 -0.575627 -0.575628 -0.575628 -0.57563 -0.561946 0 -0.569707 -0.567302 
-0.562315 -0.575627 -0.575628 -0.575628 -0.57563 -0.561946 0 -0.569707 -0.567302 
-0.562315 -0.575627 -0.575628 -0.575628 -0.57563 -0.561946 0 -0.569707 -0.567302 
-0.562315 -0.575627 -0.575628 -0.575628 -0.57563 -0.561946 0 -0.569707 -0.567302 
-0.562315 -0.575627 -0.575628 -0.575628 -0.57563 -0.561946 0 -0.569707 -0.567302 
-0.562315 -0.575627 -0.575628 -0.575628 -0.57563 -0.561946 0 -0.569707 -0.567302 
-0.562315 -0.575627 -0.575628 -0.575628 -0.57563 -0.561946 0 -0.569707 -0.567302 
-0.562315 -0.575627 -0.575628 -0.575628 -0.57563 -0.561946 0 -0.569707 -0.567302 
-0.562315 -0.575627 -0.575628 -0.575628 -0.57563 -0.561946 0 -0.569707 -0.567302 
-0.562315 -0.575627 -0.575628 -0.575628 -0.57563 -0.561946 0 -0.569707 -0.567302 
-0.562315 -0.575627 -0.575628 -0.575628 -0.57563 -0.561946 0 -0.569707 -0.567302 
-0.562315 -0.575627 -0.575628 -0.575628 -0.57563 -0.561946 0 -0.569707 -0.567302 
-0.562315 -0.575627 -0.575628 -0.575628 -0.57563 -0.561946 0 -0.569707 -0.567302 
-0.562315 -0.575627 -0.575628 -0.575628 -0.57563 -0.561946 0 -0.569707 -0.567302 
-0.562315 -0.575627 -0.575628 -0.575628 -0.57563 -0.561946 0 -0.569707 -0.567302 
-0.562315 -0.575627 -0.575628 -0.575628 -0.57563 -0.561946 0 -0.569707 -0.567302 
-0.562315 -0.575627 -0.575628 -0.575628 -0.57563 -0.561946 0 -0.569707 -0.567302 
-0.562315 -0.575627 -0.575628 -0.575628 -0.57563 -0.561946 0 -0.569707 -0.567302 
-0.562315 -0.575627 -0.575628 -0.575628 -0.57563 -0.561946 0 -0.569707 -0.567302 
-0.562315 -0.575627 -0.575628 -0.575628 -0.57563 -0.561946 0 -0.569707 -0.567302 
-0.562315 -0.575627 -0.575628 -0.575628 -0.57563 -0.561946 0 -0.569707 -0.567302 
-0.562315 -0.575627 -0.575628 -0.575628 -0.57563 -0.561946 0 -0.569707 -0.567302 
-0.562315 -0.575627 -0.575628 -0.575628 -0.57563 -0.561946 0 -0.569707 -0.567302 
-0.562315 -0.575627 -0.575628 -0.575628 -0.57563 -0.561946 0 -0.569707 -0.567302 
-0.562315 -0.575627 -0.575628 -0.575628 -0.57563 -0.561946 0 -0.569707 -0.567302 
-0.562315 -0.575627 -0.575628 -0.575628 -0.57563 -0.561946 0 -0.569707 -0.567302 
-0.562315 -0.575627 -0.575628 -0.575628 -0.57563 -0.561946 0 -0.569707 -0.567302 
-0.562315 -0.575627 -0.575628 -0.575628 -0.57563 -0.561946 0 -0.569707 -0.567302 
-0.562315 -0.575627 -0.575628 -0.575628 -0.57563 -0.561946 0 -0.569707 -0.567302 
-0.562315 -0.575627 -0.575628 -0.575628 -0.57563 -0.561946 0 -0.569707 -0.567302 
-0.562315 -0.575627 -0.575628 -0.575628 -0.57563 -0.561946 0 -0.569707 -0.567302 
-0.562315 -0.575627 -0.575628 -0.575628 -0.57563 -0.561946 0 -0.569707 -0.567302 
-0.562315 -0.575627 -0.575628 -0.575628 -0.57563 -0.561946 0 -0.569707 -0.567302 
-0.562315 -0.575627 -0.575628 -0.575628 -0.57563 -0.561946 0 -0.569707 -0.567302 
-0.562315 -0.575627 -0.575628 -0.575628 -0.57563 -0.561946 0 -0.569707 -0.567302 
-0.562315 -0.575627 -0.575628 -0.575628 -0.57563 -0.561946 0 -0.569707 -0.567302 
-0.562315 -0.575627 -0.575628 -0.575628 -0.57563 -0.561946 0 -0.569707 -0.567302 
-0.562315 -0.575627 -0.575628 -0.575628 -0.57563 -0.561946 0 -0.569707 -0.567302 
-0.562315 -0.575627 -0.575628 -0.575628 -0.57563 -0.561946 0 -0.569707 -0.567302 
-0.562315 -0.575627 -0.575628 -0.575628 -0.57563 -0.561946 0 -0.569707 -0.567302 
-0.562315 -0.575627 -0.575628 -0.575628 -0.57563 -0.561946 0 -0.569707 -0.567302 
-0.562315 -0.575627 -0.575628 -0.575628 -0.57563 -0.561946 0 -0.569707 -0.567302 
-0.562315 -0.575627 -0.575628 -0.575628 -0.57563 -0.561946 0 -0.569707 -0.567302 
-0.562315 -0.575627 -0.575628 -0.575628 -0.57563 -0.561946 0 -0.569707 -0.567302 
-0.562315 -0.575627 -0.575628 -0.575628 -0.57563 -0.561946 0 -0.569707 -0.567302 
-0.562315 -0.575627 -0.575628 -0.575628 -0.57563 -0.561946 0 -0.569707 -0.567302 
-0.562315 -0.575627 -0.575628 -0.575628 -0.57563 -0.561946 0 -0.569707 -0.567302 
-0.562315 -0.575627 -0.575628 -0.575628 -0.57563 -0.561946 0 -0.569707 -0.567302 
-0.562315 -0.575627 -0.575628 -0.575628 -0.57563 -0.561946 0 -0.569707 -0.567302 
-0.562315 -0.575627 -0.575628 -0.575628 -0.57563 -0.561946 0 -0.569707 -0.567302 
-0.562315 -0.575627 -0.575628 -0.575628 -0.57563 -0.561946 0 -0.569707 -0.567302 
-0.562315 -0.575627 -0.575628 -0.575628 -0.57563 -0.561946 0 -0.569707 -0.567302 
-0.562315 -0.575627 -0.575628 -0.575628 -0.57563 -0.561946 0 -0.569707 -0.567302 
-0.562315 -0.575627 -0.575628 -0.575628 -0.57563 -0.561946 0 -0.569707 -0.567302 
-0.562315 -0.575627 -0.575628 -0.575628 -0.57563 -0.561946 0 -0.569707 -0.567302 
-0.562315 -0.575627 -0.575628 -0.575628 -0.57563 -0.561946 0 -0.569707 -0.567302 
-0.562315 -0.575627 -0.575628 -0.575628 -0.57563 -0.561946 0 -0.569707 -0.567302 
-0.562315 -0.575627 -0.575628 -0.575628 -0.57563 -0.561946 0 -0.569707 -0.567302 
-0.562315 -0.575627 -0.575628 -0.575628 -0.57563 -0.561946 0 -0.569707 -0.567302 
-0.562315 -0.575627 -0.575628 -0.575628 -0.57563 -0.561946 0 -0.569707 -0.567302 
-0.562315 -0.575627 -0.575628 -0.575628 -0.57563 -0.561946 0 -0.569707 -0.567302 
-0.562315 -0.575627 -0.575628 -0.575628 -0.57563 -0.561946 0 -0.569707 -0.567302 
-0.562315 -0.575627 -0.575628 -0.575628 -0.57563 -0.561946 0 -0.569707 -0.567302 
-0.562315 -0.575627 -0.575628 -0.575628 -0.57563 -0.561946 0 -0.569707 -0.567302 
-0.562315 -0.575627 -0.575628 -0.575628 -0.57563 -0.561946 0 -0.569707 -0.567302 
-0.562315 -0.575627 -0.575628 -0.575628 -0.57563 -0.561946 0 -0.569707 -0.567302 
-0.562315 -0.575627 -0.575628 -0.575628 -0.57563 -0.561946 0 -0.569707 -0.567302 
-0.562315 -0.575627 -0.575628 -0.575628 -0.57563 -0.561946 0 -0.569707 -0.567302 
-0.562315 -0.575627 -0.575628 -0.575628 -0.57563 -0.561946 0 -0.569707 -0.567302 
-0.562315 -0.575627 -0.575628 -0.575628 -0.57563 -0.561946 0 -0.569707 -0.567302 
-0.562315 -0.575627 -0.575628 -0.575628 -0.57563 -0.561946 0 -0.569707 -0.567302 
-0.562315 -0.575627 -0.575628 -0.575628 -0.57563 -0.561946 0 -0.569707 -0.567302 
-0.562315 -0.575627 -0.575628 -0.575628 -0.57563 -0.561946 0 -0.569707 -0.567302 
-0.562315 -0.575627 -0.575628 -0.575628 -0.57563 -0.561946 0 -0.569707 -0.567302 
-0.562315 -0.575627 -0.575628 -0.575628 -0.57563 -0.561946 0 -0.569707 -0.567302 
-0.562315 -0.575627 -0.575628 -0.575628 -0.57563 -0.561946 0 -0.569707 -0.567302 
-0.562315 -0.575627 -0.575628 -0.575628 -0.57563 -0.561946 0 -0.569707 -0.567302 
-0.562315 -0.575627 -0.575628 -0.575628 -0.57563 -0.561946 0 -0.569707 -0.567302 
-0.562315 -0.575627 -0.575628 -0.575628 -0.57563 -0.561946 0 -0.569707 -0.567302 
-0.562315 -0.575627 -0.575628 -0.575628 -0.57563 -0.561946 0 -0.569707 -0.567302 
-0.562315 -0.575627 -0.575628 -0.575628 -0.57563 -0.561946 0 -0.569707 -0.567302 
-0.562315 -0.575627 -0.575628 -0.575628 -0.57563 -0.561946 0 -0.569707 -0.567302 
-0.562315 -0.575627 -0.575628 -0.575628 -0.57563 -0.561946 0 -0.569707 -0.567302 
-0.562315 -0.575627 -0.575628 -0.575628 -0.57563 -0.561946 0 -0.569707 -0.567302 
-0.562315 -0.575627 -0.575628 -0.575628 -0.57563 -0.561946 0 -0.569707 -0.567302 
-0.562315 -0.575627 -0.575628 -0.575628 -0.57563 -0.561946 0 -0.569707 -0.567302 
-0.562315 -0.575627 -0.575628 -0.575628 -0.57563 -0.561946 0 -0.569707 -0.567302 
-0.562315 -0.575627 -0.575628 -0.575628 -0.57563 -0.561946 0 -0.569707 -0.567302 
-0.562315 -0.575627 -0.575628 -0.575628 -0.57563 -0.561946 0 -0.569707 -0.567302 
-0.562315 -0.575627 -0.575628 -0.575628 -0.57563 -0.561946 0 -0.569707 -0.567302 
-0.562315 -0.575627 -0.575628 -0.575628 -0.57563 -0.561946 0 -0.569707 -0.567302 
-0.562315 -0.575627 -0.575628 -0.575628 -0.57563 -0.561946 0 -0.569707 -0.567302 
-0.562315 -0.575627 -0.575628 -0.575628 -0.57563 -0.561946 0 -0.569707 -0.567302 
-0.562315 -0.575627 -0.575628 -0.575628 -0.57563 -0.561946 0 -0.569707 -0.567302 
-0.562315 -0.575627 -0.575628 -0.575628 -0.57563 -0.561946 0 -0.569707 -0.567302 
-0.562315 -0.575627 -0.575628 -0.575628 -0.57563 -0.561946 0 -0.569707 -0.567302 
-0.562315 -0.575627 -0.575628 -0.575628 -0.57563 -0.561946 0 -0.569707 -0.567302 
-0.562315 -0.575627 -0.575628 -0.575628 -0.57563 -0.561946 0 -0.569707 -0.567302 
-0.562315 -0.575627 -0.575628 -0.575628 -0.57563 -0.561946 0 -0.569707 -0.567302 
-0.562315 -0.575627 -0.575628 -0.575628 -0.57563 -0.561946 0 -0.569707 -0.567302 
-0.562315 -0.575627 -0.575628 -0.575628 -0.57563 -0.561946 0 -0.569707 -0.567302 
-0.562315 -0.575627 -0.575628 -0.575628 -0.57563 -0.561946 0 -0.569707 -0.567302 
-0.562315 -0.575627 -0.575628 -0.575628 -0.57563 -0.561946 0 -0.569707 -0.567302 
-0.562315 -0.575627 -0.575628 -0.575628 -0.57563 -0.561946 0 -0.569707 -0.567302 
-0.562315 -0.575627 -0.575628 -0.575628 -0.57563 -0.561946 0 -0.569707 -0.567302 
-0.562315 -0.575627 -0.575628 -0.575628 -0.57563 -0.561946 0 -0.569707 -0.567302 
-0.562315 -0.575627 -0.575628 -0.575628 -0.57563 -0.561946 0 -0.569707 -0.567302 
-0.562315 -0.575627 -0.575628 -0.575628 -0.57563 -0.561946 0 -0.569707 -0.567302 
-0.562315 -0.575627 -0.575628 -0.575628 -0.57563 -0.561946 0 -0.569707 -0.567302 
-0.562315 -0.575627 -0.575628 -0.575628 -0.57563 -0.561946 0 -0.569707 -0.567302 
-0.562315 -0.575627 -0.575628 -0.575628 -0.57563 -0.561946 0 -0.569707 -0.567302 
-0.562315 -0.575627 -0.575628 -0.575628 -0.57563 -0.561946 0 -0.569707 -0.567302 
-0.562315 -0.575627 -0.575628 -0.575628 -0.57563 -0.561946 0 -0.569707 -0.567302 
-0.562315 -0.575627 -0.575628 -0.575628 -0.57563 -0.561946 0 -0.569707 -0.567302 
-0.562315 -0.575627 -0.575628 -0.575628 -0.57563 -0.561946 0 -0.569707 -0.567302 
-0.562315 -0.575627 -0.575628 -0.575628 -0.57563 -0.561946 0 -0.569707 -0.567302 
-0.562315 -0.575627 -0.575628 -0.575628 -0.57563 -0.561946 0 -0.569707 -0.567302 
-0.562315 -0.575627 -0.575628 -0.575628 -0.57563 -0.561946 0 -0.569707 -0.567302 
-0.562315 -0.575627 -0.575628 -0.575628 -0.57563 -0.561946 0 -0.569707 -0.567302 
-0.562315 -0.575627 -0.575628 -0.575628 -0.57563 -0.561946 0 -0.569707 -0.567302 
-0.562315 -0.575627 -0.575628 -0.575628 -0.57563 -0.561946 0 -0.569707 -0.567302 
-0.562315 -0.575627 -0.575628 -0.575628 -0.57563 -0.561946 0 -0.569707 -0.567302 
-0.562315 -0.575627 -0.575628 -0.575628 -0.57563 -0.561946 0 -0.569707 -0.567302 
-0.562315 -0.575627 -0.575628 -0.575628 -0.57563 -0.561946 0 -0.569707 -0.567302 
-0.562315 -0.575627 -0.575628 -0.575628 -0.57563 -0.561946 0 -0.569707 -0.567302 
-0.562315 -0.575627 -0.575628 -0.575628 -0.57563 -0.561946 0 -0.569707 -0.567302 
-0.562315 -0.575627 -0.575628 -0.575628 -0.57563 -0.561946 0 -0.569707 -0.567302 
-0.562315 -0.575627 -0.575628 -0.575628 -0.57563 -0.561946 0 -0.569707 -0.567302 
-0.562315 -0.575627 -0.575628 -0.575628 -0.57563 -0.561946 0 -0.569707 -0.567302 
-0.562315 -0.575627 -0.575628 -0.575628 -0.57563 -0.561946 0 -0.569707 -0.567302 
-0.562315 -0.575627 -0.575628 -0.575628 -0.57563 -0.561946 0 -0.569707 -0.567302 
-0.562315 -0.575627 -0.575628 -0.575628 -0.57563 -0.561946 0 -0.569707 -0.567302 
-0.562315 -0.575627 -0.575628 -0.575628 -0.57563 -0.561946 0 -0.569707 -0.567302 
-0.562315 -0.575627 -0.575628 -0.575628 -0.57563 -0.561946 0 -0.569707 -0.567302 
-0.562315 -0.575627 -0.575628 -0.575628 -0.57563 -0.561946 0 -0.569707 -0.567302 
-0.562315 -0.575627 -0.575628 -0.575628 -0.57563 -0.561946 0 -0.569707 -0.567302 
-0.562315 -0.575627 -0.575628 -0.575628 -0.57563 -0.561946 0 -0.569707 -0.567302 
-0.562315 -0.575627 -0.575628 -0.575628 -0.57563 -0.561946 0 -0.569707 -0.567302 
-0.562315 -0.575627 -0.575628 -0.575628 -0.57563 -0.561946 0 -0.569707 -0.567302 
-0.562315 -0.575627 -0.575628 -0.575628 -0.57563 -0.561946 0 -0.569707 -0.567302 
-0.562315 -0.575627 -0.575628 -0.575628 -0.57563 -0.561946 0 -0.569707 -0.567302 
