539 9
-0.427987 -0.447271 -0.447267 -0.447274 -0.447281 -0.429565 0 -0.452147 -0.434612 
-0.427987 -0.447271 -0.447267 -0.447274 -0.447281 -0.429565 0 -0.452147 -0.434612 
-0.427987 -0.447271 -0.447267 -0.447274 -0.447281 -0.429565 0 -0.452147 -0.434612 
-0.427987 -0.447271 -0.447267 -0.447274 -0.447281 -0.429565 0 -0.452147 -0.434612 
-0.427987 -0.447271 -0.447267 -0.447274 -0.447281 -0.429565 0 -0.452147 -0.434612 
-0.427987 -0.447271 -0.447267 -0.447274 -0.447281 -0.429565 0 -0.452147 -0.434612 
-0.427987 -0.447271 -0.447267 -0.447274 -0.447281 -0.429565 0 -0.452147 -0.434612 
-0.427987 -0.447271 -0.447267 -0.447274 -0.447281 -0.429565 0 -0.452147 -0.434612 
-0.427987 -0.447271 -0.447267 -0.447274 -0.447281 -0.429565 0 -0.452147 -0.434612 
-0.427987 -0.447271 -0.447267 -0.447274 -0.447281 -0.429565 0 -0.452147 -0.434612 
-0.427987 -0.447271 -0.447267 -0.447274 -0.447281 -0.429565 0 -0.452147 -0.434612 
-0.427987 -0.447271 -0.447267 -0.447274 -0.447281 -0.429565 0 -0.452147 -0.434612 
-0.427987 -0.447271 -0.447267 -0.447274 -0.447281 -0.429565 0 -0.452147 -0.434612 
-0.427987 -0.447271 -0.447267 -0.447274 -0.447281 -0.429565 0 -0.452147 -0.434612 
-0.427987 -0.447271 -0.447267 -0.447274 -0.447281 -0.429565 0 -0.452147 -0.434612 
-0.427987 -0.447271 -0.447267 -0.447274 -0.447281 -0.429565 0 -0.452147 -0.434612 
-0.427987 -0.447271 -0.447267 -0.447274 -0.447281 -0.429565 0 -0.452147 -0.434612 
-0.427987 -0.447271 -0.447267 -0.447274 -0.447281 -0.429565 0 -0.452147 -0.434612 
-0.427987 -0.447271 -0.447267 -0.447274 -0.447281 -0.429565 0 -0.452147 -0.434612 
-0.427987 -0.447271 -0.447267 -0.447274 -0.447281 -0.429565 0 -0.452147 -0.434612 
-0.427987 -0.447271 -0.447267 -0.447274 -0.447281 -0.429565 0 -0.452147 -0.434612 
-0.427987 -0.447271 -0.447267 -0.447274 -0.447281 -0.429565 0 -0.452147 -0.434612 
-0.427987 -0.447271 -0.447267 -0.447274 -0.447281 -0.429565 0 -0.452147 -0.434612 
-0.427987 -0.447271 -0.447267 -0.447274 -0.447281 -0.429565 0 -0.452147 -0.434612 
-0.427987 -0.447271 -0.447267 -0.447274 -0.447281 -0.429565 0 -0.452147 -0.434612 
-0.427987 -0.447271 -0.447267 -0.447274 -0.447281 -0.429565 0 -0.452147 -0.434612 
-0.427987 -0.447271 -0.447267 -0.447274 -0.447281 -0.429565 0 -0.452147 -0.434612 
-0.427987 -0.447271 -0.447267 -0.447274 -0.447281 -0.429565 0 -0.452147 -0.434612 
-0.427987 -0.447271 -0.447267 -0.447274 -0.447281 -0.429565 0 -0.452147 -0.434612 
-0.427987 -0.447271 -0.447267 -0.447274 -0.447281 -0.429565 0 -0.452147 -0.434612 
-0.427987 -0.447271 -0.447267 -0.447274 -0.447281 -0.429565 0 -0.452147 -0.434612 
-0.427987 -0.447271 -0.447267 -0.447274 -0.447281 -0.429565 0 -0.452147 -0.434612 
-0.427987 -0.447271 -0.447267 -0.447274 -0.447281 -0.429565 0 -0.452147 -0.434612 
-0.427987 -0.447271 -0.447267 -0.447274 -0.447281 -0.429565 0 -0.452147 -0.434612 
-0.427987 -0.447271 -0.447267 -0.447274 -0.447281 -0.429565 0 -0.452147 -0.434612 
-0.427987 -0.447271 -0.447267 -0.447274 -0.447281 -0.429565 0 -0.452147 -0.434612 
-0.427987 -0.447271 -0.447267 -0.447274 -0.447281 -0.429565 0 -0.452147 -0.434612 
-0.427987 -0.447271 -0.447267 -0.447274 -0.447281 -0.429565 0 -0.452147 -0.434612 
-0.427987 -0.447271 -0.447267 -0.447274 -0.447281 -0.429565 0 -0.452147 -0.434612 
-0.427987 -0.447271 -0.447267 -0.447274 -0.447281 -0.429565 0 -0.452147 -0.434612 
-0.427987 -0.447271 -0.447267 -0.447274 -0.447281 -0.429565 0 -0.452147 -0.434612 
-0.427987 -0.447271 -0.447267 -0.447274 -0.447281 -0.429565 0 -0.452147 -0.434612 
-0.427987 -0.447271 -0.447267 -0.447274 -0.447281 -0.429565 0 -0.452147 -0.434612 
-0.427987 -0.447271 -0.447267 -0.447274 -0.447281 -0.429565 0 -0.452147 -0.434612 
-0.427987 -0.447271 -0.447267 -0.447274 -0.447281 -0.429565 0 -0.452147 -0.434612 
-0.427987 -0.447271 -0.447267 -0.447274 -0.447281 -0.429565 0 -0.452147 -0.434612 
-0.427987 -0.447271 -0.447267 -0.447274 -0.447281 -0.429565 0 -0.452147 -0.434612 
-0.427987 -0.447271 -0.447267 -0.447274 -0.447281 -0.429565 0 -0.452147 -0.434612 
-0.427987 -0.447271 -0.447267 -0.447274 -0.447281 -0.429565 0 -0.452147 -0.434612 
-0.427987 -0.447271 -0.447267 -0.447274 -0.447281 -0.429565 0 -0.452147 -0.434612 
-0.427987 -0.447271 -0.447267 -0.447274 -0.447281 -0.429565 0 -0.452147 -0.434612 
-0.427987 -0.447271 -0.447267 -0.447274 -0.447281 -0.429565 0 -0.452147 -0.434612 
-0.427987 -0.447271 -0.447267 -0.447274 -0.447281 -0.429565 0 -0.452147 -0.434612 
-0.427987 -0.447271 -0.447267 -0.447274 -0.447281 -0.429565 0 -0.452147 -0.434612 
-0.427987 -0.447271 -0.447267 -0.447274 -0.447281 -0.429565 0 -0.452147 -0.434612 
-0.427987 -0.447271 -0.447267 -0.447274 -0.447281 -0.429565 0 -0.452147 -0.434612 
-0.427987 -0.447271 -0.447267 -0.447274 -0.447281 -0.429565 0 -0.452147 -0.434612 
-0.427987 -0.447271 -0.447267 -0.447274 -0.447281 -0.429565 0 -0.452147 -0.434612 
-0.427987 -0.447271 -0.447267 -0.447274 -0.447281 -0.429565 0 -0.452147 -0.434612 
-0.427987 -0.447271 -0.447267 -0.447274 -0.447281 -0.429565 0 -0.452147 -0.434612 
-0.427987 -0.447271 -0.447267 -0.447274 -0.447281 -0.429565 0 -0.452147 -0.434612 
-0.427987 -0.447271 -0.447267 -0.447274 -0.447281 -0.429565 0 -0.452147 -0.434612 
-0.427987 -0.447271 -0.447267 -0.447274 -0.447281 -0.429565 0 -0.452147 -0.434612 
-0.427987 -0.447271 -0.447267 -0.447274 -0.447281 -0.429565 0 -0.452147 -0.434612 
-0.427987 -0.447271 -0.447267 -0.447274 -0.447281 -0.429565 0 -0.452147 -0.434612 
-0.427987 -0.447271 -0.447267 -0.447274 -0.447281 -0.429565 0 -0.452147 -0.434612 
-0.427987 -0.447271 -0.447267 -0.447274 -0.447281 -0.429565 0 -0.452147 -0.434612 
-0.427987 -0.447271 -0.447267 -0.447274 -0.447281 -0.429565 0 -0.452147 -0.434612 
-0.427987 -0.447271 -0.447267 -0.447274 -0.447281 -0.429565 0 -0.452147 -0.434612 
-0.427987 -0.447271 -0.447267 -0.447274 -0.447281 -0.429565 0 -0.452147 -0.434612 
-0.427987 -0.447271 -0.447267 -0.447274 -0.447281 -0.429565 0 -0.452147 -0.434612 
-0.427987 -0.447271 -0.447267 -0.447274 -0.447281 -0.429565 0 -0.452147 -0.434612 
-0.427987 -0.447271 -0.447267 -0.447274 -0.447281 -0.429565 0 -0.452147 -0.434612 
-0.427987 -0.447271 -0.447267 -0.447274 -0.447281 -0.429565 0 -0.452147 -0.434612 
-0.427987 -0.447271 -0.447267 -0.447274 -0.447281 -0.429565 0 -0.452147 -0.434612 
-0.427987 -0.447271 -0.447267 -0.447274 -0.447281 -0.429565 0 -0.452147 -0.434612 
-0.427987 -0.447271 -0.447267 -0.447274 -0.447281 -0.429565 0 -0.452147 -0.434612 
-0.427987 -0.447271 -0.447267 -0.447274 -0.447281 -0.429565 0 -0.452147 -0.434612 
-0.427987 -0.447271 -0.447267 -0.447274 -0.447281 -0.429565 0 -0.452147 -0.434612 
-0.427987 -0.447271 -0.447267 -0.447274 -0.447281 -0.429565 0 -0.452147 -0.434612 
-0.427987 -0.447271 -0.447267 -0.447274 -0.447281 -0.429565 0 -0.452147 -0.434612 
-0.427987 -0.447271 -0.447267 -0.447274 -0.447281 -0.429565 0 -0.452147 -0.434612 
-0.427987 -0.447271 -0.447267 -0.447274 -0.447281 -0.429565 0 -0.452147 -0.434612 
-0.427987 -0.447271 -0.447267 -0.447274 -0.447281 -0.429565 0 -0.452147 -0.434612 
-0.427987 -0.447271 -0.447267 -0.447274 -0.447281 -0.429565 0 -0.452147 -0.434612 
-0.427987 -0.447271 -0.447267 -0.447274 -0.447281 -0.429565 0 -0.452147 -0.434612 
-0.427987 -0.447271 -0.447267 -0.447274 -0.447281 -0.429565 0 -0.452147 -0.434612 
-0.427987 -0.447271 -0.447267 -0.447274 -0.447281 -0.429565 0 -0.452147 -0.434612 
-0.427987 -0.447271 -0.447267 -0.447274 -0.447281 -0.429565 0 -0.452147 -0.434612 
-0.427987 -0.447271 -0.447267 -0.447274 -0.447281 -0.429565 0 -0.452147 -0.434612 
-0.427987 -0.447271 -0.447267 -0.447274 -0.447281 -0.429565 0 -0.452147 -0.434612 
-0.427987 -0.447271 -0.447267 -0.447274 -0.447281 -0.429565 0 -0.452147 -0.434612 
-0.427987 -0.447271 -0.447267 -0.447274 -0.447281 -0.429565 0 -0.452147 -0.434612 
-0.427987 -0.447271 -0.447267 -0.447274 -0.447281 -0.429565 0 -0.452147 -0.434612 
-0.427987 -0.447271 -0.447267 -0.447274 -0.447281 -0.429565 0 -0.452147 -0.434612 
-0.427987 -0.447271 -0.447267 -0.447274 -0.447281 -0.429565 0 -0.452147 -0.434612 
-0.427987 -0.447271 -0.447267 -0.447274 -0.447281 -0.429565 0 -0.452147 -0.434612 
-0.427987 -0.447271 -0.447267 -0.447274 -0.447281 -0.429565 0 -0.452147 -0.434612 
-0.427987 -0.447271 -0.447267 -0.447274 -0.447281 -0.429565 0 -0.452147 -0.434612 
-0.427987 -0.447271 -0.447267 -0.447274 -0.447281 -0.429565 0 -0.452147 -0.434612 
-0.427987 -0.447271 -0.447267 -0.447274 -0.447281 -0.429565 0 -0.452147 -0.434612 
-0.427987 -0.447271 -0.447267 -0.447274 -0.447281 -0.429565 0 -0.452147 -0.434612 
-0.427987 -0.447271 -0.447267 -0.447274 -0.447281 -0.429565 0 -0.452147 -0.434612 
-0.427987 -0.447271 -0.447267 -0.447274 -0.447281 -0.429565 0 -0.452147 -0.434612 
-0.427987 -0.447271 -0.447267 -0.447274 -0.447281 -0.429565 0 -0.452147 -0.434612 
-0.427987 -0.447271 -0.447267 -0.447274 -0.447281 -0.429565 0 -0.452147 -0.434612 
-0.427987 -0.447271 -0.447267 -0.447274 -0.447281 -0.429565 0 -0.452147 -0.434612 
-0.427987 -0.447271 -0.447267 -0.447274 -0.447281 -0.429565 0 -0.452147 -0.434612 
-0.427987 -0.447271 -0.447267 -0.447274 -0.447281 -0.429565 0 -0.452147 -0.434612 
-0.427987 -0.447271 -0.447267 -0.447274 -0.447281 -0.429565 0 -0.452147 -0.434612 
-0.427987 -0.447271 -0.447267 -0.447274 -0.447281 -0.429565 0 -0.452147 -0.434612 
-0.427987 -0.447271 -0.447267 -0.447274 -0.447281 -0.429565 0 -0.452147 -0.434612 
-0.427987 -0.447271 -0.447267 -0.447274 -0.447281 -0.429565 0 -0.452147 -0.434612 
-0.427987 -0.447271 -0.447267 -0.447274 -0.447281 -0.429565 0 -0.452147 -0.434612 
-0.427987 -0.447271 -0.447267 -0.447274 -0.447281 -0.429565 0 -0.452147 -0.434612 
-0.427987 -0.447271 -0.447267 -0.447274 -0.447281 -0.429565 0 -0.452147 -0.434612 
-0.427987 -0.447271 -0.447267 -0.447274 -0.447281 -0.429565 0 -0.452147 -0.434612 
-0.427987 -0.447271 -0.447267 -0.447274 -0.447281 -0.429565 0 -0.452147 -0.434612 
-0.427987 -0.447271 -0.447267 -0.447274 -0.447281 -0.429565 0 -0.452147 -0.434612 
-0.427987 -0.447271 -0.447267 -0.447274 -0.447281 -0.429565 0 -0.452147 -0.434612 
-0.427987 -0.447271 -0.447267 -0.447274 -0.447281 -0.429565 0 -0.452147 -0.434612 
-0.427987 -0.447271 -0.447267 -0.447274 -0.447281 -0.429565 0 -0.452147 -0.434612 
-0.427987 -0.447271 -0.447267 -0.447274 -0.447281 -0.429565 0 -0.452147 -0.434612 
-0.427987 -0.447271 -0.447267 -0.447274 -0.447281 -0.429565 0 -0.452147 -0.434612 
-0.427987 -0.447271 -0.447267 -0.447274 -0.447281 -0.429565 0 -0.452147 -0.434612 
-0.427987 -0.447271 -0.447267 -0.447274 -0.447281 -0.429565 0 -0.452147 -0.434612 
-0.427987 -0.447271 -0.447267 -0.447274 -0.447281 -0.429565 0 -0.452147 -0.434612 
-0.427987 -0.447271 -0.447267 -0.447274 -0.447281 -0.429565 0 -0.452147 -0.434612 
-0.427987 -0.447271 -0.447267 -0.447274 -0.447281 -0.429565 0 -0.452147 -0.434612 
-0.427987 -0.447271 -0.447267 -0.447274 -0.447281 -0.429565 0 -0.452147 -0.434612 
-0.427987 -0.447271 -0.447267 -0.447274 -0.447281 -0.429565 0 -0.452147 -0.434612 
-0.427987 -0.447271 -0.447267 -0.447274 -0.447281 -0.429565 0 -0.452147 -0.434612 
-0.427987 -0.447271 -0.447267 -0.447274 -0.447281 -0.429565 0 -0.452147 -0.434612 
-0.427987 -0.447271 -0.447267 -0.447274 -0.447281 -0.429565 0 -0.452147 -0.434612 
-0.427987 -0.447271 -0.447267 -0.447274 -0.447281 -0.429565 0 -0.452147 -0.434612 
-0.427987 -0.447271 -0.447267 -0.447274 -0.447281 -0.429565 0 -0.452147 -0.434612 
-0.427987 -0.447271 -0.447267 -0.447274 -0.447281 -0.429565 0 -0.452147 -0.434612 
-0.427987 -0.447271 -0.447267 -0.447274 -0.447281 -0.429565 0 -0.452147 -0.434612 
-0.427987 -0.447271 -0.447267 -0.447274 -0.447281 -0.429565 0 -0.452147 -0.434612 
-0.427987 -0.447271 -0.447267 -0.447274 -0.447281 -0.429565 0 -0.452147 -0.434612 
-0.427987 -0.447271 -0.447267 -0.447274 -0.447281 -0.429565 0 -0.452147 -0.434612 
-0.427987 -0.447271 -0.447267 -0.447274 -0.447281 -0.429565 0 -0.452147 -0.434612 
-0.427987 -0.447271 -0.447267 -0.447274 -0.447281 -0.429565 0 -0.452147 -0.434612 
-0.427987 -0.447271 -0.447267 -0.447274 -0.447281 -0.429565 0 -0.452147 -0.434612 
-0.427987 -0.447271 -0.447267 -0.447274 -0.447281 -0.429565 0 -0.452147 -0.434612 
-0.427987 -0.447271 -0.447267 -0.447274 -0.447281 -0.429565 0 -0.452147 -0.434612 
-0.427987 -0.447271 -0.447267 -0.447274 -0.447281 -0.429565 0 -0.452147 -0.434612 
-0.427987 -0.447271 -0.447267 -0.447274 -0.447281 -0.429565 0 -0.452147 -0.434612 
-0.427987 -0.447271 -0.447267 -0.447274 -0.447281 -0.429565 0 -0.452147 -0.434612 
-0.427987 -0.447271 -0.447267 -0.447274 -0.447281 -0.429565 0 -0.452147 -0.434612 
-0.427987 -0.447271 -0.447267 -0.447274 -0.447281 -0.429565 0 -0.452147 -0.434612 
-0.427987 -0.447271 -0.447267 -0.447274 -0.447281 -0.429565 0 -0.452147 -0.434612 
-0.427987 -0.447271 -0.447267 -0.447274 -0.447281 -0.429565 0 -0.452147 -0.434612 
-0.427987 -0.447271 -0.447267 -0.447274 -0.447281 -0.429565 0 -0.452147 -0.434612 
-0.427987 -0.447271 -0.447267 -0.447274 -0.447281 -0.429565 0 -0.452147 -0.434612 
-0.427987 -0.447271 -0.447267 -0.447274 -0.447281 -0.429565 0 -0.452147 -0.434612 
-0.427987 -0.447271 -0.447267 -0.447274 -0.447281 -0.429565 0 -0.452147 -0.434612 
-0.427987 -0.447271 -0.447267 -0.447274 -0.447281 -0.429565 0 -0.452147 -0.434612 
-0.427987 -0.447271 -0.447267 -0.447274 -0.447281 -0.429565 0 -0.452147 -0.434612 
-0.427987 -0.447271 -0.447267 -0.447274 -0.447281 -0.429565 0 -0.452147 -0.434612 
-0.427987 -0.447271 -0.447267 -0.447274 -0.447281 -0.429565 0 -0.452147 -0.434612 
-0.427987 -0.447271 -0.447267 -0.447274 -0.447281 -0.429565 0 -0.452147 -0.434612 
-0.427987 -0.447271 -0.447267 -0.447274 -0.447281 -0.429565 0 -0.452147 -0.434612 
-0.427987 -0.447271 -0.447267 -0.447274 -0.447281 -0.429565 0 -0.452147 -0.434612 
-0.427987 -0.447271 -0.447267 -0.447274 -0.447281 -0.429565 0 -0.452147 -0.434612 
-0.427987 -0.447271 -0.447267 -0.447274 -0.447281 -0.429565 0 -0.452147 -0.434612 
-0.427987 -0.447271 -0.447267 -0.447274 -0.447281 -0.429565 0 -0.452147 -0.434612 
-0.427987 -0.447271 -0.447267 -0.447274 -0.447281 -0.429565 0 -0.452147 -0.434612 
-0.427987 -0.447271 -0.447267 -0.447274 -0.447281 -0.429565 0 -0.452147 -0.434612 
-0.427987 -0.447271 -0.447267 -0.447274 -0.447281 -0.429565 0 -0.452147 -0.434612 
-0.427987 -0.447271 -0.447267 -0.447274 -0.447281 -0.429565 0 -0.452147 -0.434612 
-0.427987 -0.447271 -0.447267 -0.447274 -0.447281 -0.429565 0 -0.452147 -0.434612 
-0.427987 -0.447271 -0.447267 -0.447274 -0.447281 -0.429565 0 -0.452147 -0.434612 
-0.427987 -0.447271 -0.447267 -0.447274 -0.447281 -0.429565 0 -0.452147 -0.434612 
-0.427987 -0.447271 -0.447267 -0.447274 -0.447281 -0.429565 0 -0.452147 -0.434612 
-0.427987 -0.447271 -0.447267 -0.447274 -0.447281 -0.429565 0 -0.452147 -0.434612 
-0.427987 -0.447271 -0.447267 -0.447274 -0.447281 -0.429565 0 -0.452147 -0.434612 
-0.427987 -0.447271 -0.447267 -0.447274 -0.447281 -0.429565 0 -0.452147 -0.434612 
-0.427987 -0.447271 -0.447267 -0.447274 -0.447281 -0.429565 0 -0.452147 -0.434612 
-0.427987 -0.447271 -0.447267 -0.447274 -0.447281 -0.429565 0 -0.452147 -0.434612 
-0.427987 -0.447271 -0.447267 -0.447274 -0.447281 -0.429565 0 -0.452147 -0.434612 
-0.427987 -0.447271 -0.447267 -0.447274 -0.447281 -0.429565 0 -0.452147 -0.434612 
-0.427987 -0.447271 -0.447267 -0.447274 -0.447281 -0.429565 0 -0.452147 -0.434612 
-0.427987 -0.447271 -0.447267 -0.447274 -0.447281 -0.429565 0 -0.452147 -0.434612 
-0.427987 -0.447271 -0.447267 -0.447274 -0.447281 -0.429565 0 -0.452147 -0.434612 
-0.427987 -0.447271 -0.447267 -0.447274 -0.447281 -0.429565 0 -0.452147 -0.434612 
-0.427987 -0.447271 -0.447267 -0.447274 -0.447281 -0.429565 0 -0.452147 -0.434612 
-0.427987 -0.447271 -0.447267 -0.447274 -0.447281 -0.429565 0 -0.452147 -0.434612 
-0.427987 -0.447271 -0.447267 -0.447274 -0.447281 -0.429565 0 -0.452147 -0.434612 
-0.427987 -0.447271 -0.447267 -0.447274 -0.447281 -0.429565 0 -0.452147 -0.434612 
-0.427987 -0.447271 -0.447267 -0.447274 -0.447281 -0.429565 0 -0.452147 -0.434612 
-0.427987 -0.447271 -0.447267 -0.447274 -0.447281 -0.429565 0 -0.452147 -0.434612 
-0.427987 -0.447271 -0.447267 -0.447274 -0.447281 -0.429565 0 -0.452147 -0.434612 
-0.427987 -0.447271 -0.447267 -0.447274 -0.447281 -0.429565 0 -0.452147 -0.434612 
-0.427987 -0.447271 -0.447267 -0.447274 -0.447281 -0.429565 0 -0.452147 -0.434612 
-0.427987 -0.447271 -0.447267 -0.447274 -0.447281 -0.429565 0 -0.452147 -0.434612 
-0.427987 -0.447271 -0.447267 -0.447274 -0.447281 -0.429565 0 -0.452147 -0.434612 
-0.427987 -0.447271 -0.447267 -0.447274 -0.447281 -0.429565 0 -0.452147 -0.434612 
-0.427987 -0.447271 -0.447267 -0.447274 -0.447281 -0.429565 0 -0.452147 -0.434612 
-0.427987 -0.447271 -0.447267 -0.447274 -0.447281 -0.429565 0 -0.452147 -0.434612 
-0.427987 -0.447271 -0.447267 -0.447274 -0.447281 -0.429565 0 -0.452147 -0.434612 
-0.427987 -0.447271 -0.447267 -0.447274 -0.447281 -0.429565 0 -0.452147 -0.434612 
-0.427987 -0.447271 -0.447267 -0.447274 -0.447281 -0.429565 0 -0.452147 -0.434612 
-0.427987 -0.447271 -0.447267 -0.447274 -0.447281 -0.429565 0 -0.452147 -0.434612 
-0.427987 -0.447271 -0.447267 -0.447274 -0.447281 -0.419798 0 -0.452147 -0.434612 
-0.427987 -0.447271 -0.447267 -0.447274 -0.447281 -0.386989 0 -0.452147 -0.434612 
-0.427987 -0.447271 -0.447267 -0.447274 -0.447281 -0.368606 0 -0.452147 -0.434612 
-0.427987 -0.447271 -0.447267 -0.447274 -0.447281 -0.338554 0 -0.452147 -0.434612 
-0.427987 -0.447271 -0.447267 -0.447274 -0.447281 -0.304914 0 -0.452147 -0.434612 
-0.427987 -0.447271 -0.447267 -0.447274 -0.447281 -0.236617 0 -0.452147 -0.434612 
-0.427987 -0.447271 -0.447267 -0.447274 -0.447281 -0.132122 0 -0.452147 -0.434612 
-0.427987 -0.447271 -0.447267 -0.447274 -0.447281 -0.0684881 0 -0.452147 -0.434612 
-0.427987 -0.447271 -0.447267 -0.447274 -0.447281 -0.0604245 0 -0.452147 -0.434612 
-0.427987 -0.447271 -0.447267 -0.447274 -0.447281 0.0414715 0 -0.452147 -0.434612 
-0.427987 -0.447271 -0.447267 -0.447274 -0.447281 0.161439 0 -0.452147 -0.434612 
-0.427987 -0.447271 -0.447267 -0.447274 -0.447281 0.306377 0 -0.452147 -0.434612 
-0.427987 -0.447271 -0.447267 -0.447274 -0.447281 0.453243 0 -0.452147 -0.434612 
-0.427987 -0.447271 -0.447267 -0.447274 -0.447281 0.54808 0 -0.452147 -0.434612 
-0.427987 -0.447271 -0.447267 -0.447274 -0.447281 0.584076 0 -0.452147 -0.434612 
-0.427987 -0.447271 -0.447267 -0.447274 -0.447281 0.739943 0 -0.452147 -0.434612 
-0.41234 2.10872 2.10843 2.13702 2.15342 0.890997 0 -0.452147 -0.0708607 
-0.0118489 2.1905 2.18572 2.20851 2.23177 1.17099 0 -0.452147 0.474767 
1.38679 2.22716 2.21706 2.24077 2.2584 1.43309 0 -0.452147 1.02039 
2.25524 2.23686 2.23152 2.24521 2.25581 1.49868 0 -0.452147 1.38415 
1.80012 2.2322 2.24315 2.22551 2.22728 1.50152 0 -0.452147 1.92977 
1.5599 2.22934 2.24659 2.20996 2.20654 1.67979 0 0.0894245 2.29353 
2.12121 2.23556 2.23917 2.23544 2.23399 2.01045 0 0.630996 2.11165 
2.76707 2.24119 2.22633 2.25161 2.23722 2.4133 0 1.17257 2.4754 
2.85112 2.24182 2.22246 2.25362 2.23501 2.68313 0 1.71414 2.4754 
2.32848 2.2375 2.23392 2.24358 2.23503 2.44117 0 2.25571 2.29353 
1.69366 2.23097 2.24517 2.21945 2.22337 2.37626 0 2.25571 2.29353 
1.66164 2.2306 2.24637 2.21215 2.21909 2.29303 0 2.25571 2.11165 
2.31216 2.23738 2.23752 2.23631 2.23622 2.55086 0 2.25571 2.29353 
2.82922 2.24168 2.22515 2.25189 2.24106 2.82012 0 2.25571 2.65728 
2.75033 2.24105 2.22452 2.25258 2.24347 2.67945 0 2.25571 2.65728 
2.16406 2.23596 2.23757 2.23806 2.23427 2.43684 0 2.25571 2.29353 
1.64832 2.23043 2.24705 2.2138 2.22067 2.57186 0 2.25571 2.11165 
1.79781 2.23218 2.24561 2.21871 2.22493 2.39925 0 2.25571 2.29353 
2.48539 2.23892 2.23547 2.24071 2.24273 2.66399 0 2.25571 2.29353 
2.88033 2.24208 2.22478 2.25319 2.2436 2.75021 0 2.25571 2.4754 
2.66024 2.24035 2.22807 2.25076 2.24391 2.51056 0 2.25571 2.4754 
2.03951 2.23474 2.24083 2.23172 2.23558 2.53361 0 2.25571 2.29353 
1.6265 2.23017 2.24797 2.20832 2.21451 2.54006 0 2.25571 2.29353 
1.92318 2.23354 2.24451 2.22497 2.23118 2.46635 0 2.25571 2.29353 
2.60778 2.23993 2.2333 2.24559 2.24324 2.7405 0 2.25571 2.29353 
2.88743 2.24213 2.22488 2.25421 2.24406 2.67199 0 2.25571 2.65728 
2.56646 2.23958 2.23175 2.24871 2.24493 2.47241 0 2.25571 2.4754 
1.96341 2.23396 2.24393 2.22598 2.23608 2.48152 0 2.25571 2.29353 
1.64732 2.23043 2.24834 2.20546 2.21134 2.61383 0 2.25571 2.29353 
2.06544 2.23501 2.2422 2.23372 2.23584 2.56356 0 2.25571 2.29353 
2.72835 2.2409 2.23059 2.25165 2.24731 2.81386 0 2.25571 2.29353 
2.90396 2.24225 2.22597 2.25578 2.24539 2.7747 0 2.25571 2.65728 
2.50598 2.23908 2.23529 2.24764 2.24685 2.4842 0 2.25571 2.83915 
1.90774 2.23338 2.24625 2.22183 2.23524 2.42678 0 2.25571 2.65728 
1.69511 2.23099 2.24782 2.21116 2.21609 2.39442 0 2.25571 2.83915 
2.20751 2.23639 2.23934 2.24033 2.24272 2.636 0 2.25571 2.65728 
2.78811 2.24137 2.22725 2.25314 2.24913 2.89923 0 2.25571 2.65728 
2.86262 2.24194 2.22681 2.25349 2.24497 2.77403 0 2.25571 2.4754 
2.38159 2.238 2.23823 2.2407 2.24452 2.43163 0 2.25571 2.65728 
1.81439 2.23236 2.24773 2.21005 2.2228 2.39782 0 2.25571 2.65728 
1.74647 2.23158 2.24685 2.21375 2.21782 2.37333 0 2.25571 2.65728 
2.30833 2.23732 2.23587 2.24262 2.24102 2.66538 0 2.25571 2.65728 
2.82163 2.24162 2.22435 2.25338 2.24577 2.93061 0 2.25571 2.4754 
2.79057 2.24139 2.22732 2.25042 2.24491 2.74332 0 2.25571 2.29353 
2.24213 2.23673 2.24069 2.23264 2.23763 2.37236 0 2.25571 1.92977 
1.74188 2.23153 2.24893 2.20109 2.21095 2.44822 0 2.25571 1.92977 
1.84779 2.23272 2.24536 2.22213 2.22363 2.39769 0 2.25571 1.92977 
2.45063 2.23858 2.23213 2.24709 2.24191 2.8082 0 2.25571 2.29353 
2.86848 2.24197 2.22236 2.25504 2.2428 2.86836 0 2.25571 2.11165 
2.73006 2.24092 2.22952 2.24949 2.24363 2.67197 0 2.25571 2.11165 
2.13946 2.23575 2.24322 2.229 2.23583 2.52278 0 2.25571 1.92977 
1.7291 2.23138 2.24939 2.20347 2.20882 2.44265 0 2.25571 1.92977 
2.0099 2.23444 2.24353 2.23092 2.23462 2.5691 0 2.25571 1.7479 
2.62615 2.24006 2.22912 2.25142 2.24331 2.79321 0 2.25571 2.11165 
2.89519 2.24216 2.2218 2.25538 2.2375 2.8002 0 2.25571 2.11165 
2.5977 2.23983 2.23154 2.24778 2.23815 2.57245 0 2.25571 2.29353 
1.98406 2.23418 2.24504 2.22609 2.22834 2.45489 0 2.25571 1.92977 
1.73699 2.23147 2.24917 2.2048 2.20973 2.51982 0 2.25571 1.7479 
2.18455 2.23617 2.24091 2.23561 2.23387 2.6642 0 2.25571 1.92977 
2.75254 2.24107 2.22663 2.25131 2.23558 2.84999 0 2.25571 2.29353 
2.84599 2.24178 2.22252 2.25329 2.22656 2.79616 0 2.25571 2.11165 
2.39929 2.23813 2.23421 2.24393 2.2334 2.37337 0 2.25571 2.11165 
1.83076 2.23253 2.24665 2.2177 2.22132 2.48566 0 2.25571 1.92977 
1.81223 2.23233 2.24831 2.21153 2.22031 2.39778 0 2.25571 1.92977 
2.38501 2.23802 2.23866 2.24082 2.24143 2.7469 0 2.25571 1.92977 
2.86796 2.24197 2.22543 2.25351 2.24297 2.91541 0 2.25571 2.29353 
2.79989 2.24144 2.22416 2.25461 2.24268 2.63616 0 2.25571 2.29353 
2.24007 2.23668 2.23754 2.24188 2.23816 2.35037 0 2.25571 1.92977 
1.73648 2.23146 2.24793 2.21068 2.21579 2.42273 0 2.25571 2.11165 
1.88612 2.23315 2.24693 2.21423 2.22734 2.24839 0 2.25571 1.92977 
2.48437 2.23891 2.23559 2.2423 2.24458 2.11033 0 2.25571 2.11165 
2.89447 2.24218 2.22445 2.25384 2.24483 1.82718 0 2.25571 2.29353 
2.70208 2.24067 2.22724 2.25226 2.24712 1.68989 0 2.25571 2.65728 
2.06991 2.23504 2.24066 2.23485 2.23145 1.51325 0 2.25571 2.65728 
1.68214 2.23084 2.24865 2.20122 2.20734 1.31322 0 2.25571 2.65728 
1.97918 2.23414 2.24513 2.21995 2.23015 1.11351 0 2.25571 2.65728 
2.56755 2.23961 2.23282 2.24443 2.24153 0.972789 0 2.25571 2.65728 
2.87603 2.24204 2.22409 2.25287 2.24242 0.818381 0 2.25571 3.02103 
2.59911 2.23984 2.23104 2.24862 2.24724 0.720693 0 2.25571 2.4754 
1.94126 2.23372 2.24342 2.22866 2.23091 0.635569 0 2.25571 2.65728 
1.6881 2.23091 2.24873 2.20243 2.20593 0.459391 0 2.25571 2.65728 
2.10834 2.23545 2.24309 2.23077 2.23823 0.265739 0 2.25571 2.4754 
2.67792 2.24051 2.23074 2.25004 2.24364 0.17001 0 2.25571 2.4754 
2.87443 2.24204 2.22523 2.25376 2.23887 0.0891917 0 2.25571 2.4754 
2.50454 2.23907 2.23436 2.24633 2.24662 0.0356048 0 2.25571 2.29353 
1.81902 2.23241 2.24479 2.22305 2.23138 -0.0585514 0 2.25571 1.92977 
1.3448 2.2265 2.24309 2.1996 2.22266 -0.150331 0 2.25571 1.20227 
0.44165 2.20875 2.21979 2.20131 2.22812 -0.246825 0 2.25571 0.656643 
-0.320844 2.15659 2.16253 2.17282 2.1936 -0.297153 0 2.25571 0.292891 
-0.426592 2.04844 2.03681 2.11798 2.10718 -0.346461 0 2.25571 -0.0708607 
-0.427987 -0.447271 -0.447267 -0.447274 -0.447281 -0.36762 0 2.25571 -0.434612 
-0.427987 -0.447271 -0.447267 -0.447274 -0.447281 -0.388398 0 2.25571 -0.434612 
-0.427987 -0.447271 -0.447267 -0.447274 -0.447281 -0.418458 0 2.25571 -0.434612 
-0.427987 -0.447271 -0.447267 -0.447274 -0.447281 -0.429515 0 2.25571 -0.434612 
-0.427987 -0.447271 -0.447267 -0.447274 -0.447281 -0.429565 0 2.25571 -0.434612 
-0.427987 -0.447271 -0.447267 -0.447274 -0.447281 -0.429565 0 1.71414 -0.434612 
-0.427987 -0.447271 -0.447267 -0.447274 -0.447281 -0.429565 0 1.17257 -0.434612 
-0.427987 -0.447271 -0.447267 -0.447274 -0.447281 -0.429565 0 0.630996 -0.434612 
-0.427987 -0.447271 -0.447267 -0.447274 -0.447281 -0.429565 0 0.0894245 -0.434612 
-0.427987 -0.447271 -0.447267 -0.447274 -0.447281 -0.429565 0 -0.452147 -0.434612 
-0.427987 -0.447271 -0.447267 -0.447274 -0.447281 -0.429565 0 -0.452147 -0.434612 
-0.427987 -0.447271 -0.447267 -0.447274 -0.447281 -0.429565 0 -0.452147 -0.434612 
-0.427987 -0.447271 -0.447267 -0.447274 -0.447281 -0.429565 0 -0.452147 -0.434612 
-0.427987 -0.447271 -0.447267 -0.447274 -0.447281 -0.429565 0 -0.452147 -0.434612 
-0.427987 -0.447271 -0.447267 -0.447274 -0.447281 -0.429565 0 -0.452147 -0.434612 
-0.427987 -0.447271 -0.447267 -0.447274 -0.447281 -0.429565 0 -0.452147 -0.434612 
-0.427987 -0.447271 -0.447267 -0.447274 -0.447281 -0.429565 0 -0.452147 -0.434612 
-0.427987 -0.447271 -0.447267 -0.447274 -0.447281 -0.429565 0 -0.452147 -0.434612 
-0.427987 -0.447271 -0.447267 -0.447274 -0.447281 -0.429565 0 -0.452147 -0.434612 
-0.427987 -0.447271 -0.447267 -0.447274 -0.447281 -0.429565 0 -0.452147 -0.434612 
-0.427987 -0.447271 -0.447267 -0.447274 -0.447281 -0.429565 0 -0.452147 -0.434612 
-0.427987 -0.447271 -0.447267 -0.447274 -0.447281 -0.429565 0 -0.452147 -0.434612 
-0.427987 -0.447271 -0.447267 -0.447274 -0.447281 -0.429565 0 -0.452147 -0.434612 
-0.427987 -0.447271 -0.447267 -0.447274 -0.447281 -0.429565 0 -0.452147 -0.434612 
-0.427987 -0.447271 -0.447267 -0.447274 -0.447281 -0.429565 0 -0.452147 -0.434612 
-0.427987 -0.447271 -0.447267 -0.447274 -0.447281 -0.429565 0 -0.452147 -0.434612 
-0.427987 -0.447271 -0.447267 -0.447274 -0.447281 -0.429565 0 -0.452147 -0.434612 
-0.427987 -0.447271 -0.447267 -0.447274 -0.447281 -0.429565 0 -0.452147 -0.434612 
-0.427987 -0.447271 -0.447267 -0.447274 -0.447281 -0.429565 0 -0.452147 -0.434612 
-0.427987 -0.447271 -0.447267 -0.447274 -0.447281 -0.429565 0 -0.452147 -0.434612 
-0.427987 -0.447271 -0.447267 -0.447274 -0.447281 -0.429565 0 -0.452147 -0.434612 
-0.427987 -0.447271 -0.447267 -0.447274 -0.447281 -0.429565 0 -0.452147 -0.434612 
-0.427987 -0.447271 -0.447267 -0.447274 -0.447281 -0.429565 0 -0.452147 -0.434612 
-0.427987 -0.447271 -0.447267 -0.447274 -0.447281 -0.429565 0 -0.452147 -0.434612 
-0.427987 -0.447271 -0.447267 -0.447274 -0.447281 -0.429565 0 -0.452147 -0.434612 
-0.427987 -0.447271 -0.447267 -0.447274 -0.447281 -0.429565 0 -0.452147 -0.434612 
-0.427987 -0.447271 -0.447267 -0.447274 -0.447281 -0.429565 0 -0.452147 -0.434612 
-0.427987 -0.447271 -0.447267 -0.447274 -0.447281 -0.429565 0 -0.452147 -0.434612 
-0.427987 -0.447271 -0.447267 -0.447274 -0.447281 -0.429565 0 -0.452147 -0.434612 
-0.427987 -0.447271 -0.447267 -0.447274 -0.447281 -0.429565 0 -0.452147 -0.434612 
-0.427987 -0.447271 -0.447267 -0.447274 -0.447281 -0.429565 0 -0.452147 -0.434612 
-0.427987 -0.447271 -0.447267 -0.447274 -0.447281 -0.429565 0 -0.452147 -0.434612 
-0.427987 -0.447271 -0.447267 -0.447274 -0.447281 -0.429565 0 -0.452147 -0.434612 
-0.427987 -0.447271 -0.447267 -0.447274 -0.447281 -0.429565 0 -0.452147 -0.434612 
-0.427987 -0.447271 -0.447267 -0.447274 -0.447281 -0.429565 0 -0.452147 -0.434612 
-0.427987 -0.447271 -0.447267 -0.447274 -0.447281 -0.429565 0 -0.452147 -0.434612 
-0.427987 -0.447271 -0.447267 -0.447274 -0.447281 -0.429565 0 -0.452147 -0.434612 
-0.427987 -0.447271 -0.447267 -0.447274 -0.447281 -0.429565 0 -0.452147 -0.434612 
-0.427987 -0.447271 -0.447267 -0.447274 -0.447281 -0.429565 0 -0.452147 -0.434612 
-0.427987 -0.447271 -0.447267 -0.447274 -0.447281 -0.429565 0 -0.452147 -0.434612 
-0.427987 -0.447271 -0.447267 -0.447274 -0.447281 -0.429565 0 -0.452147 -0.434612 
-0.427987 -0.447271 -0.447267 -0.447274 -0.447281 -0.429565 0 -0.452147 -0.434612 
-0.427987 -0.447271 -0.447267 -0.447274 -0.447281 -0.429565 0 -0.452147 -0.434612 
-0.427987 -0.447271 -0.447267 -0.447274 -0.447281 -0.429565 0 -0.452147 -0.434612 
-0.427987 -0.447271 -0.447267 -0.447274 -0.447281 -0.429565 0 -0.452147 -0.434612 
-0.427987 -0.447271 -0.447267 -0.447274 -0.447281 -0.429565 0 -0.452147 -0.434612 
-0.427987 -0.447271 -0.447267 -0.447274 -0.447281 -0.429565 0 -0.452147 -0.434612 
-0.427987 -0.447271 -0.447267 -0.447274 -0.447281 -0.429565 0 -0.452147 -0.434612 
-0.427987 -0.447271 -0.447267 -0.447274 -0.447281 -0.429565 0 -0.452147 -0.434612 
-0.427987 -0.447271 -0.447267 -0.447274 -0.447281 -0.429565 0 -0.452147 -0.434612 
-0.427987 -0.447271 -0.447267 -0.447274 -0.447281 -0.429565 0 -0.452147 -0.434612 
-0.427987 -0.447271 -0.447267 -0.447274 -0.447281 -0.429565 0 -0.452147 -0.434612 
-0.427987 -0.447271 -0.447267 -0.447274 -0.447281 -0.429565 0 -0.452147 -0.434612 
-0.427987 -0.447271 -0.447267 -0.447274 -0.447281 -0.429565 0 -0.452147 -0.434612 
-0.427987 -0.447271 -0.447267 -0.447274 -0.447281 -0.429565 0 -0.452147 -0.434612 
-0.427987 -0.447271 -0.447267 -0.447274 -0.447281 -0.429565 0 -0.452147 -0.434612 
-0.427987 -0.447271 -0.447267 -0.447274 -0.447281 -0.429565 0 -0.452147 -0.434612 
-0.427987 -0.447271 -0.447267 -0.447274 -0.447281 -0.429565 0 -0.452147 -0.434612 
-0.427987 -0.447271 -0.447267 -0.447274 -0.447281 -0.429565 0 -0.452147 -0.434612 
-0.427987 -0.447271 -0.447267 -0.447274 -0.447281 -0.429565 0 -0.452147 -0.434612 
-0.427987 -0.447271 -0.447267 -0.447274 -0.447281 -0.429565 0 -0.452147 -0.434612 
-0.427987 -0.447271 -0.447267 -0.447274 -0.447281 -0.429565 0 -0.452147 -0.434612 
-0.427987 -0.447271 -0.447267 -0.447274 -0.447281 -0.429565 0 -0.452147 -0.434612 
-0.427987 -0.447271 -0.447267 -0.447274 -0.447281 -0.429565 0 -0.452147 -0.434612 
-0.427987 -0.447271 -0.447267 -0.447274 -0.447281 -0.429565 0 -0.452147 -0.434612 
-0.427987 -0.447271 -0.447267 -0.447274 -0.447281 -0.429565 0 -0.452147 -0.434612 
-0.427987 -0.447271 -0.447267 -0.447274 -0.447281 -0.429565 0 -0.452147 -0.434612 
-0.427987 -0.447271 -0.447267 -0.447274 -0.447281 -0.429565 0 -0.452147 -0.434612 
-0.427987 -0.447271 -0.447267 -0.447274 -0.447281 -0.429565 0 -0.452147 -0.434612 
-0.427987 -0.447271 -0.447267 -0.447274 -0.447281 -0.429565 0 -0.452147 -0.434612 
-0.427987 -0.447271 -0.447267 -0.447274 -0.447281 -0.429565 0 -0.452147 -0.434612 
-0.427987 -0.447271 -0.447267 -0.447274 -0.447281 -0.429565 0 -0.452147 -0.434612 
-0.427987 -0.447271 -0.447267 -0.447274 -0.447281 -0.429565 0 -0.452147 -0.434612 
-0.427987 -0.447271 -0.447267 -0.447274 -0.447281 -0.429565 0 -0.452147 -0.434612 
-0.427987 -0.447271 -0.447267 -0.447274 -0.447281 -0.429565 0 -0.452147 -0.434612 
-0.427987 -0.447271 -0.447267 -0.447274 -0.447281 -0.429565 0 -0.452147 -0.434612 
-0.427987 -0.447271 -0.447267 -0.447274 -0.447281 -0.429565 0 -0.452147 -0.434612 
-0.427987 -0.447271 -0.447267 -0.447274 -0.447281 -0.429565 0 -0.452147 -0.434612 
-0.427987 -0.447271 -0.447267 -0.447274 -0.447281 -0.429565 0 -0.452147 -0.434612 
-0.427987 -0.447271 -0.447267 -0.447274 -0.447281 -0.429565 0 -0.452147 -0.434612 
-0.427987 -0.447271 -0.447267 -0.447274 -0.447281 -0.429565 0 -0.452147 -0.434612 
-0.427987 -0.447271 -0.447267 -0.447274 -0.447281 -0.429565 0 -0.452147 -0.434612 
-0.427987 -0.447271 -0.447267 -0.447274 -0.447281 -0.429565 0 -0.452147 -0.434612 
-0.427987 -0.447271 -0.447267 -0.447274 -0.447281 -0.429565 0 -0.452147 -0.434612 
-0.427987 -0.447271 -0.447267 -0.447274 -0.447281 -0.429565 0 -0.452147 -0.434612 
-0.427987 -0.447271 -0.447267 -0.447274 -0.447281 -0.429565 0 -0.452147 -0.434612 
-0.427987 -0.447271 -0.447267 -0.447274 -0.447281 -0.429565 0 -0.452147 -0.434612 
-0.427987 -0.447271 -0.447267 -0.447274 -0.447281 -0.429565 0 -0.452147 -0.434612 
-0.427987 -0.447271 -0.447267 -0.447274 -0.447281 -0.429565 0 -0.452147 -0.434612 
-0.427987 -0.447271 -0.447267 -0.447274 -0.447281 -0.429565 0 -0.452147 -0.434612 
-0.427987 -0.447271 -0.447267 -0.447274 -0.447281 -0.429565 0 -0.452147 -0.434612 
-0.427987 -0.447271 -0.447267 -0.447274 -0.447281 -0.429565 0 -0.452147 -0.434612 
-0.427987 -0.447271 -0.447267 -0.447274 -0.447281 -0.429565 0 -0.452147 -0.434612 
-0.427987 -0.447271 -0.447267 -0.447274 -0.447281 -0.429565 0 -0.452147 -0.434612 
-0.427987 -0.447271 -0.447267 -0.447274 -0.447281 -0.429565 0 -0.452147 -0.434612 
-0.427987 -0.447271 -0.447267 -0.447274 -0.447281 -0.429565 0 -0.452147 -0.434612 
-0.427987 -0.447271 -0.447267 -0.447274 -0.447281 -0.429565 0 -0.452147 -0.434612 
-0.427987 -0.447271 -0.447267 -0.447274 -0.447281 -0.429565 0 -0.452147 -0.434612 
-0.427987 -0.447271 -0.447267 -0.447274 -0.447281 -0.429565 0 -0.452147 -0.434612 
-0.427987 -0.447271 -0.447267 -0.447274 -0.447281 -0.429565 0 -0.452147 -0.434612 
-0.427987 -0.447271 -0.447267 -0.447274 -0.447281 -0.429565 0 -0.452147 -0.434612 
-0.427987 -0.447271 -0.447267 -0.447274 -0.447281 -0.429565 0 -0.452147 -0.434612 
-0.427987 -0.447271 -0.447267 -0.447274 -0.447281 -0.429565 0 -0.452147 -0.434612 
-0.427987 -0.447271 -0.447267 -0.447274 -0.447281 -0.429565 0 -0.452147 -0.434612 
-0.427987 -0.447271 -0.447267 -0.447274 -0.447281 -0.429565 0 -0.452147 -0.434612 
-0.427987 -0.447271 -0.447267 -0.447274 -0.447281 -0.429565 0 -0.452147 -0.434612 
-0.427987 -0.447271 -0.447267 -0.447274 -0.447281 -0.429565 0 -0.452147 -0.434612 
-0.427987 -0.447271 -0.447267 -0.447274 -0.447281 -0.429565 0 -0.452147 -0.434612 
-0.427987 -0.447271 -0.447267 -0.447274 -0.447281 -0.429565 0 -0.452147 -0.434612 
-0.427987 -0.447271 -0.447267 -0.447274 -0.447281 -0.429565 0 -0.452147 -0.434612 
-0.427987 -0.447271 -0.447267 -0.447274 -0.447281 -0.429565 0 -0.452147 -0.434612 
-0.427987 -0.447271 -0.447267 -0.447274 -0.447281 -0.429565 0 -0.452147 -0.434612 
-0.427987 -0.447271 -0.447267 -0.447274 -0.447281 -0.429565 0 -0.452147 -0.434612 
-0.427987 -0.447271 -0.447267 -0.447274 -0.447281 -0.429565 0 -0.452147 -0.434612 
-0.427987 -0.447271 -0.447267 -0.447274 -0.447281 -0.429565 0 -0.452147 -0.434612 
-0.427987 -0.447271 -0.447267 -0.447274 -0.447281 -0.429565 0 -0.452147 -0.434612 
-0.427987 -0.447271 -0.447267 -0.447274 -0.447281 -0.429565 0 -0.452147 -0.434612 
-0.427987 -0.447271 -0.447267 -0.447274 -0.447281 -0.429565 0 -0.452147 -0.434612 
-0.427987 -0.447271 -0.447267 -0.447274 -0.447281 -0.429565 0 -0.452147 -0.434612 
-0.427987 -0.447271 -0.447267 -0.447274 -0.447281 -0.429565 0 -0.452147 -0.434612 
-0.427987 -0.447271 -0.447267 -0.447274 -0.447281 -0.429565 0 -0.452147 -0.434612 
-0.427987 -0.447271 -0.447267 -0.447274 -0.447281 -0.429565 0 -0.452147 -0.434612 
-0.427987 -0.447271 -0.447267 -0.447274 -0.447281 -0.429565 0 -0.452147 -0.434612 
-0.427987 -0.447271 -0.447267 -0.447274 -0.447281 -0.429565 0 -0.452147 -0.434612 
-0.427987 -0.447271 -0.447267 -0.447274 -0.447281 -0.429565 0 -0.452147 -0.434612 
-0.427987 -0.447271 -0.447267 -0.447274 -0.447281 -0.429565 0 -0.452147 -0.434612 
-0.427987 -0.447271 -0.447267 -0.447274 -0.447281 -0.429565 0 -0.452147 -0.434612 
-0.427987 -0.447271 -0.447267 -0.447274 -0.447281 -0.429565 0 -0.452147 -0.434612 
-0.427987 -0.447271 -0.447267 -0.447274 -0.447281 -0.429565 0 -0.452147 -0.434612 
-0.427987 -0.447271 -0.447267 -0.447274 -0.447281 -0.429565 0 -0.452147 -0.434612 
-0.427987 -0.447271 -0.447267 -0.447274 -0.447281 -0.429565 0 -0.452147 -0.434612 
-0.427987 -0.447271 -0.447267 -0.447274 -0.447281 -0.429565 0 -0.452147 -0.434612 
-0.427987 -0.447271 -0.447267 -0.447274 -0.447281 -0.429565 0 -0.452147 -0.434612 
-0.427987 -0.447271 -0.447267 -0.447274 -0.447281 -0.429565 0 -0.452147 -0.434612 
-0.427987 -0.447271 -0.447267 -0.447274 -0.447281 -0.429565 0 -0.452147 -0.434612 
-0.427987 -0.447271 -0.447267 -0.447274 -0.447281 -0.429565 0 -0.452147 -0.434612 
-0.427987 -0.447271 -0.447267 -0.447274 -0.447281 -0.429565 0 -0.452147 -0.434612 
-0.427987 -0.447271 -0.447267 -0.447274 -0.447281 -0.429565 0 -0.452147 -0.434612 
-0.427987 -0.447271 -0.447267 -0.447274 -0.447281 -0.429565 0 -0.452147 -0.434612 
-0.427987 -0.447271 -0.447267 -0.447274 -0.447281 -0.429565 0 -0.452147 -0.434612 
-0.427987 -0.447271 -0.447267 -0.447274 -0.447281 -0.429565 0 -0.452147 -0.434612 
-0.427987 -0.447271 -0.447267 -0.447274 -0.447281 -0.429565 0 -0.452147 -0.434612 
-0.427987 -0.447271 -0.447267 -0.447274 -0.447281 -0.429565 0 -0.452147 -0.434612 
-0.427987 -0.447271 -0.447267 -0.447274 -0.447281 -0.429565 0 -0.452147 -0.434612 
-0.427987 -0.447271 -0.447267 -0.447274 -0.447281 -0.429565 0 -0.452147 -0.434612 
-0.427987 -0.447271 -0.447267 -0.447274 -0.447281 -0.429565 0 -0.452147 -0.434612 
-0.427987 -0.447271 -0.447267 -0.447274 -0.447281 -0.429565 0 -0.452147 -0.434612 
-0.427987 -0.447271 -0.447267 -0.447274 -0.447281 -0.429565 0 -0.452147 -0.434612 
-0.427987 -0.447271 -0.447267 -0.447274 -0.447281 -0.429565 0 -0.452147 -0.434612 
-0.427987 -0.447271 -0.447267 -0.447274 -0.447281 -0.429565 0 -0.452147 -0.434612 
-0.427987 -0.447271 -0.447267 -0.447274 -0.447281 -0.429565 0 -0.452147 -0.434612 
-0.427987 -0.447271 -0.447267 -0.447274 -0.447281 -0.429565 0 -0.452147 -0.434612 
-0.427987 -0.447271 -0.447267 -0.447274 -0.447281 -0.429565 0 -0.452147 -0.434612 
-0.427987 -0.447271 -0.447267 -0.447274 -0.447281 -0.429565 0 -0.452147 -0.434612 
-0.427987 -0.447271 -0.447267 -0.447274 -0.447281 -0.429565 0 -0.452147 -0.434612 
-0.427987 -0.447271 -0.447267 -0.447274 -0.447281 -0.429565 0 -0.452147 -0.434612 
-0.427987 -0.447271 -0.447267 -0.447274 -0.447281 -0.429565 0 -0.452147 -0.434612 
-0.427987 -0.447271 -0.447267 -0.447274 -0.447281 -0.429565 0 -0.452147 -0.434612 
-0.427987 -0.447271 -0.447267 -0.447274 -0.447281 -0.429565 0 -0.452147 -0.434612 
-0.427987 -0.447271 -0.447267 -0.447274 -0.447281 -0.429565 0 -0.452147 -0.434612 
-0.427987 -0.447271 -0.447267 -0.447274 -0.447281 -0.429565 0 -0.452147 -0.434612 
-0.427987 -0.447271 -0.447267 -0.447274 -0.447281 -0.429565 0 -0.452147 -0.434612 
-0.427987 -0.447271 -0.447267 -0.447274 -0.447281 -0.429565 0 -0.452147 -0.434612 
-0.427987 -0.447271 -0.447267 -0.447274 -0.447281 -0.429565 0 -0.452147 -0.434612 
-0.427987 -0.447271 -0.447267 -0.447274 -0.447281 -0.429565 0 -0.452147 -0.434612 
-0.427987 -0.447271 -0.447267 -0.447274 -0.447281 -0.429565 0 -0.452147 -0.434612 
-0.427987 -0.447271 -0.447267 -0.447274 -0.447281 -0.429565 0 -0.452147 -0.434612 
-0.427987 -0.447271 -0.447267 -0.447274 -0.447281 -0.429565 0 -0.452147 -0.434612 
-0.427987 -0.447271 -0.447267 -0.447274 -0.447281 -0.429565 0 -0.452147 -0.434612 
-0.427987 -0.447271 -0.447267 -0.447274 -0.447281 -0.429565 0 -0.452147 -0.434612 
-0.427987 -0.447271 -0.447267 -0.447274 -0.447281 -0.429565 0 -0.452147 -0.434612 
-0.427987 -0.447271 -0.447267 -0.447274 -0.447281 -0.429565 0 -0.452147 -0.434612 
-0.427987 -0.447271 -0.447267 -0.447274 -0.447281 -0.429565 0 -0.452147 -0.434612 
-0.427987 -0.447271 -0.447267 -0.447274 -0.447281 -0.429565 0 -0.452147 -0.434612 
-0.427987 -0.447271 -0.447267 -0.447274 -0.447281 -0.429565 0 -0.452147 -0.434612 
-0.427987 -0.447271 -0.447267 -0.447274 -0.447281 -0.429565 0 -0.452147 -0.434612 
-0.427987 -0.447271 -0.447267 -0.447274 -0.447281 -0.429565 0 -0.452147 -0.434612 
-0.427987 -0.447271 -0.447267 -0.447274 -0.447281 -0.429565 0 -0.452147 -0.434612 
-0.427987 -0.447271 -0.447267 -0.447274 -0.447281 -0.429565 0 -0.452147 -0.434612 
-0.427987 -0.447271 -0.447267 -0.447274 -0.447281 -0.429565 0 -0.452147 -0.434612 
-0.427987 -0.447271 -0.447267 -0.447274 -0.447281 -0.429565 0 -0.452147 -0.434612 
-0.427987 -0.447271 -0.447267 -0.447274 -0.447281 -0.429565 0 -0.452147 -0.434612 
-0.427987 -0.447271 -0.447267 -0.447274 -0.447281 -0.429565 0 -0.452147 -0.434612 
-0.427987 -0.447271 -0.447267 -0.447274 -0.447281 -0.429565 0 -0.452147 -0.434612 
-0.427987 -0.447271 -0.447267 -0.447274 -0.447281 -0.429565 0 -0.452147 -0.434612 
-0.427987 -0.447271 -0.447267 -0.447274 -0.447281 -0.429565 0 -0.452147 -0.434612 
-0.427987 -0.447271 -0.447267 -0.447274 -0.447281 -0.429565 0 -0.452147 -0.434612 
-0.427987 -0.447271 -0.447267 -0.447274 -0.447281 -0.429565 0 -0.452147 -0.434612 
-0.427987 -0.447271 -0.447267 -0.447274 -0.447281 -0.429565 0 -0.452147 -0.434612 
-0.427987 -0.447271 -0.447267 -0.447274 -0.447281 -0.429565 0 -0.452147 -0.434612 
-0.427987 -0.447271 -0.447267 -0.447274 -0.447281 -0.429565 0 -0.452147 -0.434612 
-0.427987 -0.447271 -0.447267 -0.447274 -0.447281 -0.429565 0 -0.452147 -0.434612 
-0.427987 -0.447271 -0.447267 -0.447274 -0.447281 -0.429565 0 -0.452147 -0.434612 
-0.427987 -0.447271 -0.447267 -0.447274 -0.447281 -0.429565 0 -0.452147 -0.434612 
-0.427987 -0.447271 -0.447267 -0.447274 -0.447281 -0.429565 0 -0.452147 -0.434612 
-0.427987 -0.447271 -0.447267 -0.447274 -0.447281 -0.429565 0 -0.452147 -0.434612 
-0.427987 -0.447271 -0.447267 -0.447274 -0.447281 -0.429565 0 -0.452147 -0.434612 
-0.427987 -0.447271 -0.447267 -0.447274 -0.447281 -0.429565 0 -0.452147 -0.434612 
-0.427987 -0.447271 -0.447267 -0.447274 -0.447281 -0.429565 0 -0.452147 -0.434612 
-0.427987 -0.447271 -0.447267 -0.447274 -0.447281 -0.429565 0 -0.452147 -0.434612 
-0.427987 -0.447271 -0.447267 -0.447274 -0.447281 -0.429565 0 -0.452147 -0.434612 
-0.427987 -0.447271 -0.447267 -0.447274 -0.447281 -0.429565 0 -0.452147 -0.434612 
-0.427987 -0.447271 -0.447267 -0.447274 -0.447281 -0.429565 0 -0.452147 -0.434612 
-0.427987 -0.447271 -0.447267 -0.447274 -0.447281 -0.429565 0 -0.452147 -0.434612 
-0.427987 -0.447271 -0.447267 -0.447274 -0.447281 -0.429565 0 -0.452147 -0.434612 
-0.427987 -0.447271 -0.447267 -0.447274 -0.447281 -0.429565 0 -0.452147 -0.434612 
-0.427987 -0.447271 -0.447267 -0.447274 -0.447281 -0.429565 0 -0.452147 -0.434612 
-0.427987 -0.447271 -0.447267 -0.447274 -0.447281 -0.429565 0 -0.452147 -0.434612 
-0.427987 -0.447271 -0.447267 -0.447274 -0.447281 -0.429565 0 -0.452147 -0.434612 
-0.427987 -0.447271 -0.447267 -0.447274 -0.447281 -0.429565 0 -0.452147 -0.434612 
-0.427987 -0.447271 -0.447267 -0.447274 -0.447281 -0.429565 0 -0.452147 -0.434612 
-0.427987 -0.447271 -0.447267 -0.447274 -0.447281 -0.429565 0 -0.452147 -0.434612 
-0.427987 -0.447271 -0.447267 -0.447274 -0.447281 -0.429565 0 -0.452147 -0.434612 
-0.427987 -0.447271 -0.447267 -0.447274 -0.447281 -0.429565 0 -0.452147 -0.434612 
-0.427987 -0.447271 -0.447267 -0.447274 -0.447281 -0.429565 0 -0.452147 -0.434612 
-0.427987 -0.447271 -0.447267 -0.447274 -0.447281 -0.429565 0 -0.452147 -0.434612 
-0.427987 -0.447271 -0.447267 -0.447274 -0.447281 -0.429565 0 -0.452147 -0.434612 
-0.427987 -0.447271 -0.447267 -0.447274 -0.447281 -0.429565 0 -0.452147 -0.434612 
-0.427987 -0.447271 -0.447267 -0.447274 -0.447281 -0.429565 0 -0.452147 -0.434612 
