0.604968 -0.516643 -0.529358 0.511684 -0.382393 -0.3835 0.0475493 0.164355 0.270592 -0.359278 -0.453752 -0.250279 0.758791 0.096983 -0.213122 -0.462716 -0.582312 -0.677227 0.470704 0.583594 -0.694385 -0.95431 -0.111662 -0.451351 0.46943 -1.12199 0.492354 -1.04229 -0.726609 -1.20772 -0.675061 -1.1208 -0.876352 -1.27204 -0.758344 -1.09555 -1.10645 -1.32632 -0.956101 -1.13947 -1.66559 -1.26285 -1.44219 8 0.747701 0.344736 -0.049133 -0.80619 -0.486489 0.242967 0.533384 
0.0589193 -0.662352 -0.733615 0.079863 -0.49271 -0.52973 -0.0150861 0.313097 0.295201 -0.510152 -0.462294 -0.291599 0.425254 -0.156948 -0.400498 -0.489223 -0.669309 -0.724384 1.08067 1.02074 -0.67522 -0.762725 0.791015 -0.490703 0.294283 -1.12199 0.492354 -1.04229 -0.768679 -1.20772 -0.675061 -1.1208 -0.993018 -1.27204 -0.758344 -1.09555 -1.16796 -1.32632 -0.956101 -1.13947 -1.48367 -1.1617 -1.3597 4 0.811053 0.398394 -0.0772991 -0.80619 -0.204012 0.538168 0.72895 
-0.95259 -1.36127 -1.39616 -0.802169 -1.01093 -1.03804 -0.134597 0.392531 0.313692 -0.690379 -0.531079 -0.434458 -0.424335 -1.47252 -1.41506 -0.480664 -0.70527 -0.736546 1.04812 1.06317 -0.754801 -1.14885 0.817137 -0.510685 -0.39633 -1.12199 0.492354 -1.04229 -0.773646 -1.20772 -0.675061 -1.1208 -1.06406 -1.27204 -0.758344 -1.09555 -1.19904 -1.32632 -0.956101 -1.13947 -1.19224 -0.959667 -1.13126 2 0.114189 -0.138191 -0.556124 -0.80619 0.219705 0.833369 0.924517 
-1.55042 -1.70129 -1.73777 -1.34107 -1.29721 -1.33242 -0.119987 0.457154 0.380578 -0.541941 -0.334815 -0.327247 -0.978009 -2.16639 -1.92607 -0.560942 -0.754594 -0.763051 1.20967 1.10796 -0.692626 -1.05284 1.07144 -0.516314 -0.980467 -1.12199 0.492354 -1.04229 -0.839834 -1.20772 -0.675061 -1.1208 -1.13265 -1.27204 -0.758344 -1.09555 -1.23187 -1.32632 -0.956101 -1.13947 -1.11561 -0.912001 -1.01027 2 -0.371504 -0.495915 -0.908201 -0.80619 0.78466 1.12857 1.12008 
-2.07936 -1.98443 -2.02646 -1.73238 -1.49396 -1.53707 -0.0119989 0.444905 0.412071 -0.589883 -0.262668 -0.287036 -1.39739 -2.70308 -2.34154 -0.640483 -0.806543 -0.793601 1.00037 0.922751 -0.707324 -1.32682 0.567512 -0.557514 -1.48629 -1.12199 0.492354 -1.04229 -0.930044 -1.20772 -0.675061 -1.1208 -1.20167 -1.27204 -0.758344 -1.09555 -1.2675 -1.32632 -0.956101 -1.13947 -0.851009 -0.89457 -0.906453 2 -0.646027 -0.674777 -1.13353 -0.80619 1.49085 1.42377 1.31565 
-2.16156 -2.08222 -2.15533 -1.77745 -1.54829 -1.61872 0.351288 0.465887 0.422228 -0.418649 -0.118173 -0.192434 -1.40519 -2.71548 -2.35697 -0.788215 -0.854159 -0.818604 0.0318045 0.316903 -0.690357 -1.41626 -0.421226 -0.551302 -1.82831 -1.12199 0.492354 -1.04229 -1.06834 -1.20772 -0.675061 -1.1208 -1.26897 -1.27204 -0.758344 -1.09555 -1.30213 -1.32632 -0.956101 -1.13947 -0.694477 -0.90082 -0.799531 3 -0.709378 -0.862582 -1.09128 -0.370848 2.05581 1.65993 1.4721 
-1.73695 -1.87572 -2.00712 -1.46431 -1.40442 -1.5249 0.802838 0.533673 0.430772 -0.111942 -0.0360204 -0.129968 -1.24992 -2.32786 -2.05186 -0.954505 -0.922239 -0.85655 -0.753758 -0.265729 -0.807016 -1.15909 -0.70348 -0.530306 -1.99113 -1.12199 0.315052 -1.04229 -1.24253 -1.20772 -0.717112 -1.1208 -1.34312 -1.27204 -0.758344 -1.09555 -1.34101 -1.32632 -0.956101 -1.13947 -0.632294 -0.925807 -0.685708 3 -0.962783 -0.969899 -0.999741 0.0644952 2.33829 1.73865 1.49166 
-0.934654 -1.6018 -1.7647 -0.761633 -1.20534 -1.35639 1.21647 0.659816 0.485769 0.240363 -0.0745705 -0.114079 -0.844654 -1.96592 -1.76177 -1.10975 -0.987953 -0.895861 -0.825092 -0.47169 -0.958362 -1.14337 -0.732973 -0.596278 -2.04545 -1.12199 -0.384055 -1.04229 -1.43477 -1.20772 -0.722077 -1.1208 -1.42077 -1.27204 -0.758344 -1.09555 -1.38299 -1.32632 -0.956101 -1.13947 -0.753852 -0.921976 -0.558737 3 -0.962783 -1.06955 -0.857905 0.499838 2.33829 1.7021 1.41623 
-0.232331 -1.42553 -1.66425 -0.101811 -1.05195 -1.30753 1.41296 0.797872 0.549392 0.365341 -0.0779147 -0.0802445 -0.443327 -1.70909 -1.55633 -1.16367 -1.02096 -0.90931 -0.344648 -0.0625423 -0.778548 -1.14676 -0.613678 -0.702349 -2.04503 -1.12199 -0.975377 -1.04229 -1.60331 -1.20772 -0.788236 -1.1208 -1.491 -1.27204 -0.758344 -1.09555 -1.41953 -1.32632 -0.956101 -1.13947 -1.07981 -0.849983 -0.414545 3 -0.83608 -0.963192 -0.691674 0.935181 2.05581 1.57137 1.26676 
0.397126 -1.3595 -1.71601 0.402868 -1.00651 -1.43966 1.32283 0.831866 0.560464 0.571603 -0.0128244 -0.00608122 -0.0109216 -1.54103 -1.42952 -1.14151 -1.02924 -0.904885 -0.347625 0.0304649 -0.46071 -1.57471 -0.595866 -0.716436 -2.02099 -1.12199 -1.48742 -1.04229 -1.7311 -1.20772 -0.878406 -1.1208 -1.54941 -1.27204 -0.758344 -1.09555 -1.44762 -1.32632 -0.956101 -1.13947 -1.18801 -0.725202 -0.25134 3 -0.709378 -0.817866 -0.527958 1.37052 1.49085 1.35817 1.05489 
0.725691 -1.41699 -1.78314 0.637827 -1.06275 -1.53302 0.896019 0.659943 0.502769 0.701021 0.061646 0.116743 0.227826 -1.44295 -1.34402 -1.07323 -1.02053 -0.892077 -0.196244 0.161504 0.0710002 -1.31355 -0.530666 -0.83727 -1.98679 -1.12199 -1.83365 -1.04229 -1.81596 -1.20772 -1.01664 -1.1208 -1.59507 -1.27204 -0.758344 -1.09555 -1.46756 -1.32632 -0.956101 -1.13947 -1.02973 -0.569352 -0.0798952 2 -0.899432 -0.755265 -0.380086 1.37052 0.78466 1.12857 0.78762 
0.395446 -1.59951 -1.85752 0.389507 -1.21014 -1.60408 0.270332 0.372269 0.401137 0.490552 0.038509 0.167205 0.153717 -1.4577 -1.31076 -0.903158 -0.957419 -0.861637 0.23379 0.400487 0.147156 -0.815283 -0.317318 -0.878703 -1.9531 -1.12199 -1.99847 -1.04229 -1.84168 -1.20772 -1.19075 -1.1208 -1.61901 -1.27204 -0.874281 -1.09555 -1.47756 -1.32632 -1.01634 -1.13947 -0.849684 -0.409743 0.0933304 2 -0.709378 -0.433313 -0.228372 1.37052 0.219705 0.833369 0.522717 
-0.344518 -1.73127 -1.95449 -0.257493 -1.35259 -1.68115 -0.273672 0.157412 0.34598 0.041431 -0.02452 0.146461 -0.0201497 -1.29513 -1.30932 -0.700947 -0.896343 -0.832412 0.0357516 0.335243 -0.219798 -0.61418 -0.41156 -0.86783 -1.92439 -1.12199 -2.05347 -1.04229 -1.81408 -1.20772 -1.38291 -1.1208 -1.62668 -1.27204 -0.944875 -1.09555 -1.48015 -1.32632 -1.04678 -1.13947 -0.716368 -0.206912 0.290385 2 -0.392621 -0.111362 -0.123069 1.37052 -0.204012 0.538168 0.249813 
-0.964808 -1.91046 -2.04431 -0.866079 -1.59325 -1.75508 -0.504816 0.0658957 0.372996 -0.307315 -0.106707 0.145892 -0.181694 -1.11944 -1.30711 -0.574149 -0.839842 -0.81027 0.141565 0.368329 -0.568662 -0.81295 -0.365537 -0.86849 -1.89949 -1.12199 -2.05304 -1.04229 -1.76167 -1.20772 -1.55137 -1.1208 -1.62242 -1.27204 -1.01304 -1.09555 -1.47825 -1.32632 -1.07893 -1.13947 -0.658812 0.0294387 0.528019 2 -0.0125138 0.210589 -0.0350499 1.37052 -0.486489 0.242967 -0.0382712 
-1.41096 -2.13412 -2.14475 -1.25948 -1.94152 -1.83637 -0.400671 0.105702 0.461433 -0.46353 -0.0789403 0.227327 -0.321474 -0.903049 -1.31949 -0.516765 -0.783818 -0.793361 0.212681 0.363496 -0.736277 -1.12675 -0.343478 -0.869371 -1.87945 -1.12199 -2.0287 -1.04229 -1.7041 -1.20772 -1.67911 -1.1208 -1.60871 -1.27204 -1.08163 -1.09555 -1.47366 -1.32632 -1.11383 -1.13947 -0.601715 0.332495 0.793153 2 0.430945 0.532541 0.12087 1.37052 -0.627728 -0.0522337 -0.346664 
-1.8045 -2.25348 -2.2179 -1.55984 -2.09675 -1.91686 -0.273896 0.194224 0.574886 -0.666448 0.00645368 0.360272 -0.410824 -0.741003 -1.30953 -0.464945 -0.733158 -0.77693 -0.440441 -0.0307974 -0.580478 -1.22143 -0.624274 -0.894171 -1.86075 -1.12199 -1.99408 -1.04229 -1.64345 -1.20772 -1.76393 -1.1208 -1.58822 -1.27204 -1.14851 -1.09555 -1.46697 -1.32632 -1.14774 -1.13947 -0.315105 0.657052 1.05951 6 0.367594 0.693516 0.274778 1.37052 -0.627728 -0.406475 -0.640014 
-1.84798 -2.18529 -2.14662 -1.61466 -2.07048 -1.94623 -0.0925637 0.270772 0.668321 -0.721073 0.115617 0.509971 -0.399274 -0.698221 -1.24958 -0.475425 -0.672426 -0.73229 -1.1037 -0.494702 -0.408048 -1.2655 -0.75882 -0.910582 -1.83766 -1.12199 -1.95998 -1.04229 -1.59189 -1.20772 -1.78964 -1.1208 -1.56057 -1.27204 -1.2222 -1.09555 -1.45421 -1.32632 -1.18581 -1.13947 0.229454 1.01118 1.29253 6 0.240891 0.747175 0.471941 1.37052 -0.627728 -0.760716 -1.03115 
-1.48389 -2.04186 -1.92306 -1.36784 -1.94752 -1.85822 0.0881122 0.304951 0.75754 -0.399079 0.302214 0.708942 -0.302057 -0.671626 -1.0588 -0.500484 -0.600106 -0.689253 -1.46257 -0.926069 -0.41031 -1.45027 -0.804453 -0.914116 -1.79732 -1.12199 -1.93091 -1.04229 -1.55048 -1.20772 -1.76205 -1.1208 -1.52521 -1.27204 -1.29936 -1.09555 -1.43663 -1.32632 -1.22692 -1.13947 0.801687 1.37138 1.50282 6 0.367594 0.720346 0.655021 1.37052 -0.627728 -0.760716 -1.03115 
-1.28521 -1.92307 -1.72374 -1.30527 -1.83744 -1.75323 0.0725894 0.289151 0.844543 0.077509 0.514565 0.878423 -0.227632 -0.65048 -0.866151 -0.48493 -0.532517 -0.643907 -1.08142 -0.637823 -0.316468 -1.19996 -0.767964 -0.950599 -1.74227 -1.12199 -1.9057 -1.04229 -1.51083 -1.20772 -1.70966 -1.1208 -1.48403 -1.23085 -1.36915 -1.09555 -1.41468 -1.29801 -1.26271 -1.13947 1.27459 1.68257 1.62997 7 0.557648 0.639858 0.809935 1.37052 -0.627728 -0.406475 -0.640014 
-1.32462 -1.81827 -1.55302 -1.6243 -1.75832 -1.66703 -0.0876496 0.299075 0.94319 0.410321 0.748399 1.05577 -0.163335 -0.619187 -0.650456 -0.444635 -0.482047 -0.594468 -0.799925 -0.377657 -0.307251 -1.20334 -0.72166 -0.949779 -1.67257 -1.12199 -1.88542 -1.04229 -1.46875 -1.1934 -1.65212 -1.1208 -1.4402 -1.18911 -1.42719 -1.09555 -1.38847 -1.25601 -1.29022 -1.13947 1.58372 1.92793 1.72196 8 0.620999 0.639858 0.936683 1.37052 -0.627728 -0.0522337 -0.248881 
-1.23743 -1.74162 -1.35513 -1.66762 -1.73954 -1.56714 -0.0685175 0.463159 1.0796 0.748045 0.958594 1.24275 -0.0913746 -0.590815 -0.488634 -0.39778 -0.42957 -0.547282 -1.2022 -0.592585 -0.589287 -1.30657 -0.772239 -0.969683 -1.59509 -1.12199 -1.86649 -1.04229 -1.42359 -1.15629 -1.5915 -1.1208 -1.39384 -1.1457 -1.47257 -1.09555 -1.3589 -1.21592 -1.30974 -1.13947 1.74646 2.09508 1.76991 4 0.747701 0.827663 1.10568 1.37052 -0.486489 0.242967 0.142252 
-0.917102 -1.527 -1.18289 -1.42682 -1.70559 -1.47542 0.3173 0.835478 1.25561 1.12986 1.21843 1.44796 -0.0526527 -0.529706 -0.436794 -0.34687 -0.39378 -0.496426 -1.49399 -0.850311 -0.67797 -1.31689 -0.800677 -0.983141 -1.52026 -1.12199 -1.84311 -1.04229 -1.3752 -1.11596 -1.53996 -1.1208 -1.34733 -1.11609 -1.49636 -1.09555 -1.32598 -1.17271 -1.31954 -1.13947 1.76484 2.21533 1.79142 8 1.06446 1.0423 1.27468 1.37052 -0.204012 0.538168 0.494271 
-0.622895 -1.17453 -1.06999 -1.0986 -1.56201 -1.40467 0.808176 1.23989 1.41155 1.39534 1.54739 1.62716 -0.0284398 -0.411167 -0.418853 -0.290552 -0.363046 -0.44252 -1.57691 -1.08594 -0.585338 -1.05457 -0.810347 -0.983434 -1.45047 -1.12199 -1.80228 -1.04229 -1.32324 -1.07136 -1.49857 -1.1208 -1.30129 -1.09067 -1.50398 -1.09555 -1.28982 -1.12692 -1.32208 -1.13947 1.61201 2.27384 1.76261 12 0.68435 1.12278 1.38734 1.37052 0.219705 0.833369 0.807177 
-0.325785 -0.819336 -0.934893 -0.628898 -1.27835 -1.29406 1.21636 1.57952 1.53273 1.46693 1.83752 1.74057 -0.00921907 -0.312635 -0.403222 -0.239702 -0.331885 -0.396894 -1.91229 -1.71272 -0.539642 -0.783997 -0.827379 -0.973646 -1.38528 -1.12199 -1.74655 -1.04229 -1.26888 -1.03108 -1.45894 -1.1208 -1.25559 -1.0649 -1.49974 -1.09555 -1.2517 -1.08815 -1.32022 -1.13947 1.31104 2.21602 1.66158 14 -0.139216 1.06913 1.38734 1.37052 0.78466 1.12857 1.08097 
0.286982 -0.312838 -0.700175 0.344886 -0.71182 -1.06765 1.60849 1.85138 1.65058 1.65053 2.08041 1.83841 0.0256058 -0.193304 -0.369751 -0.225113 -0.302069 -0.364681 -2.15531 -2.33428 -0.392229 -0.716008 -0.835987 -0.971686 -1.32281 -1.12199 -1.67599 -1.04229 -1.21702 -1.01953 -1.41687 -1.10651 -1.21036 -1.04023 -1.48612 -1.09555 -1.21328 -1.06079 -1.31572 -1.13947 1.10549 2.07319 1.54094 14 -0.709378 0.961809 1.37326 1.37052 1.49085 1.42377 1.31565 
0.902639 0.272778 -0.455992 1.1922 -0.124393 -0.872856 1.92992 2.0445 1.75213 1.79014 2.27173 1.89527 0.0631242 -0.0564002 -0.332394 -0.203019 -0.270546 -0.333812 -1.92188 -1.4628 -0.120003 -0.495911 -0.827983 -0.980086 -1.26245 -1.12199 -1.59756 -1.04229 -1.16646 -1.00203 -1.37174 -1.06948 -1.16535 -1.01416 -1.46576 -1.09555 -1.17471 -1.03456 -1.30917 -1.13947 0.88959 1.87855 1.38776 12 -0.83608 0.908151 1.40143 0.935181 2.05581 1.65993 1.4721 
1.09516 0.578189 -0.261931 1.24302 0.109919 -0.777665 1.98976 2.17988 1.9091 1.7434 2.42827 1.99351 0.0754787 0.00223927 -0.288885 -0.178211 -0.243684 -0.315706 -1.17964 -0.694699 0.125052 -0.398961 -0.775139 -0.982592 -1.20355 -1.12199 -1.52181 -1.04229 -1.11672 -0.982381 -1.32336 -1.02926 -1.12101 -0.991937 -1.43828 -1.09555 -1.13725 -1.01918 -1.29667 -1.13947 0.554125 1.68208 1.28927 11 -0.899432 1.01547 1.50001 0.499838 2.33829 1.77801 1.55033 
0.919053 0.568725 -0.10365 0.833052 0.061245 -0.734251 1.91601 2.275 2.06454 1.72764 2.51117 2.1438 0.062502 0.00243995 -0.226446 -0.164489 -0.224051 -0.304377 -0.97883 -0.463716 0.177634 -0.408506 -0.743711 -0.97185 -1.14469 -1.12199 -1.45116 -1.04229 -1.06898 -0.971514 -1.27143 -0.984757 -1.07796 -0.975697 -1.40314 -1.09555 -1.10141 -1.00955 -1.27946 -1.13947 0.321673 1.47783 1.26273 8 -0.265919 1.33742 1.64084 0.0644952 2.33829 1.77801 1.55033 
0.612422 0.452655 0.00455271 0.266473 -0.146794 -0.763278 1.94708 2.35039 2.15793 1.77142 2.48569 2.25332 0.0367049 -0.0179633 -0.183356 -0.161052 -0.208317 -0.29326 -1.0285 -0.473272 0.144224 -0.200221 -0.74715 -0.966992 -1.08712 -1.09726 -1.38517 -1.04229 -1.02415 -0.968792 -1.21709 -0.944577 -1.03642 -0.962682 -1.36222 -1.0545 -1.06704 -1.00011 -1.25796 -1.11148 0.235378 1.25447 1.22268 7 0.937755 1.71303 1.838 -0.370848 2.05581 1.65993 1.4721 
0.248811 0.394475 0.139244 -0.391895 -0.377027 -0.834936 2.06415 2.43282 2.21507 1.78718 2.42966 2.32487 0.0104018 -0.0304023 -0.12946 -0.14605 -0.200879 -0.282105 -0.92762 -0.508096 0.209701 0.182309 -0.73936 -0.972937 -1.03002 -1.05248 -1.32193 -1.04229 -0.980727 -0.956909 -1.16526 -0.93305 -0.996979 -0.956529 -1.31866 -1.0129 -1.034 -0.99063 -1.23229 -1.06994 0.2067 1.10232 1.19238 12 2.01473 2.03498 1.96475 -0.80619 1.49085 1.42377 1.31565 
-0.0205555 0.432064 0.321336 -0.992345 -0.516344 -0.771614 2.16797 2.44415 2.22709 1.7246 2.31766 2.33162 0.0002754 -0.0228905 -0.0610564 -0.127023 -0.19378 -0.270559 -1.209 -0.895108 0.471371 0.358178 -0.7742 -0.968984 -0.972477 -0.99565 -1.26083 -1.04229 -0.938157 -0.941839 -1.11471 -0.915592 -0.959473 -0.950657 -1.2726 -0.969639 -1.00211 -0.980821 -1.20333 -1.0303 0.169071 0.978718 1.15308 16 2.52154 2.16913 1.96475 -0.80619 0.78466 1.12857 1.12008 
-0.123649 0.505943 0.470603 -0.980074 -0.448125 -0.612222 2.17861 2.41833 2.19394 1.78047 2.26247 2.32299 1.58672e-05 -0.00802126 -0.023378 -0.129617 -0.195792 -0.26345 -1.25255 -1.41353 0.720244 0.288913 -0.775525 -0.95593 -0.916333 -0.964346 -1.20121 -1.04229 -0.898504 -0.941839 -1.065 -0.895989 -0.924479 -0.950657 -1.22638 -0.940135 -0.971637 -0.974782 -1.1711 -0.987569 0.373741 1.00399 1.17633 18 2.45819 2.11547 1.85208 -0.80619 0.219705 0.833369 0.924517 
-0.0583895 0.560156 0.537184 -0.540049 -0.273168 -0.438659 2.09115 2.3495 2.12346 1.70899 2.22391 2.26292 0.00393285 0.00711941 -0.0101463 -0.151143 -0.207288 -0.260631 -1.25611 -1.52946 0.825487 0.468028 -0.776318 -0.950801 -0.862841 -0.953353 -1.14162 -1.04229 -0.863325 -0.941839 -1.01728 -0.885147 -0.892541 -0.950657 -1.18062 -0.9148 -0.942788 -0.972386 -1.13568 -0.942279 0.523321 1.11827 1.21387 21 2.26813 2.00815 1.68309 -0.80619 -0.204012 0.538168 0.72895 
0.0959368 0.603823 0.607641 -0.0620235 -0.200341 -0.296693 1.8671 2.19976 2.00412 1.4225 2.10278 2.15305 0.015817 0.0160963 0.00563263 -0.168096 -0.219483 -0.25918 -1.46053 -1.53899 0.972577 0.560858 -0.796105 -0.950273 -0.811629 -0.940243 -1.08334 -1.0175 -0.831798 -0.941839 -0.972472 -0.882431 -0.863443 -0.950657 -1.13522 -0.889113 -0.915524 -0.971154 -1.09835 -0.903946 0.462683 1.18526 1.24669 22 1.50792 1.90083 1.48592 -0.80619 -0.486489 0.242967 0.533384 
0.240173 0.630721 0.728528 0.158753 -0.384602 -0.172486 1.46689 1.99916 1.88554 1.14414 2.02369 2.07029 0.0276689 0.0322552 0.0317338 -0.187513 -0.231056 -0.262952 -1.26536 -1.23005 1.13989 0.807494 -0.776989 -0.943868 -0.761948 -0.918558 -1.02554 -0.972609 -0.803834 -0.941839 -0.929067 -0.870577 -0.836895 -0.950657 -1.09026 -0.864535 -0.8901 -0.971154 -1.06072 -0.876881 0.340396 1.31551 1.34558 22 0.68435 1.79352 1.30284 -0.80619 -0.627728 -0.0522337 0.337818 
0.271649 0.560918 0.799002 0.0818429 -0.625942 -0.112322 0.9104 1.76836 1.75707 0.891933 1.88291 1.94396 0.0279951 0.0459212 0.0460096 -0.219468 -0.243559 -0.267149 -0.886231 -0.857775 1.29176 1.09208 -0.722947 -0.941808 -0.714287 -0.906697 -0.96729 -0.91564 -0.780241 -0.941839 -0.886515 -0.855542 -0.812753 -0.950657 -1.04554 -0.838549 -0.866392 -0.971154 -1.02295 -0.850946 0.15733 1.39479 1.41441 22 0.240891 1.6862 1.11976 -0.80619 -0.627728 -0.347435 0.142252 
0.192252 0.462076 0.794835 -0.106312 -0.70095 -0.103133 0.665063 1.52716 1.57297 0.736031 1.70182 1.76169 0.0188595 0.0468525 0.0466247 -0.24803 -0.256343 -0.273189 -0.886006 -0.809282 1.334 1.28977 -0.722905 -0.948704 -0.669171 -0.906186 -0.910454 -0.88426 -0.760374 -0.941839 -0.84688 -0.855542 -0.790843 -0.950657 -1.00147 -0.816405 -0.844392 -0.971154 -0.986268 -0.835734 0.00852339 1.43336 1.42907 21 0.304243 1.39108 0.9226 -0.80619 -0.627728 -0.583595 -0.0533147 
0.205251 0.483278 0.800465 -0.366736 -0.629384 -0.126343 0.661614 1.2998 1.38598 0.685623 1.47993 1.60343 0.0236468 0.0521997 0.0538295 -0.265293 -0.267248 -0.279842 -1.10978 -0.937382 1.23665 0.968117 -0.759154 -0.956299 -0.626074 -0.9002 -0.856305 -0.87324 -0.742994 -0.941839 -0.811717 -0.855542 -0.770856 -0.950657 -0.958688 -0.800221 -0.824006 -0.971154 -0.95117 -0.826216 -0.0693561 1.40628 1.45026 25 0.240891 1.01547 0.767686 -0.80619 -0.627728 -0.760716 -0.248881 
0.260943 0.629478 0.814235 -0.697203 -0.454523 -0.132627 0.659391 1.06552 1.23862 0.743951 1.33056 1.50455 0.0315478 0.0873557 0.0606034 -0.273309 -0.275105 -0.285506 -1.21936 -1.18061 1.14901 0.684765 -0.775462 -0.954553 -0.584863 -0.894572 -0.804463 -0.860098 -0.727158 -0.941839 -0.780204 -0.855542 -0.752434 -0.950657 -0.917407 -0.787251 -0.805045 -0.971154 -0.917512 -0.816876 -0.0626759 1.38537 1.50454 23 0.240891 0.55937 0.626855 -0.80619 -0.627728 -0.878796 -0.444447 
0.35453 0.810484 0.792523 -0.969983 -0.187493 -0.100767 0.773673 0.886581 1.11044 1.01212 1.30441 1.41999 0.0487346 0.135907 0.0632558 -0.281121 -0.282595 -0.28581 -1.21284 -1.63803 1.12612 0.837275 -0.772838 -0.956158 -0.545589 -0.892369 -0.754171 -0.83836 -0.712733 -0.941839 -0.752252 -0.855542 -0.735435 -0.950657 -0.878217 -0.78112 -0.787051 -0.971154 -0.885149 -0.807503 0.143274 1.43463 1.56276 24 0.304243 0.130102 0.514191 -0.80619 -0.627728 -0.937836 -0.640014 
0.552101 0.949064 0.746209 -0.598618 0.141921 -0.0589909 1.01634 0.77387 1.02143 1.26519 1.28101 1.31998 0.082359 0.16624 0.0653686 -0.279099 -0.289225 -0.286089 -1.11823 -1.80885 1.051 1.05468 -0.759114 -0.960482 -0.508134 -0.890613 -0.705923 -0.826471 -0.698856 -0.941839 -0.728669 -0.855542 -0.7197 -0.950657 -0.840946 -0.775268 -0.769953 -0.971154 -0.853921 -0.797803 0.426161 1.49488 1.59914 25 0.240891 -0.245508 0.401526 -0.80619 -0.627728 -0.937836 -0.83558 
0.741755 0.9705 0.689598 -0.0422284 0.367267 0.0110355 1.02339 0.592727 0.911458 1.3363 1.14449 1.20788 0.112477 0.172878 0.0619112 -0.268771 -0.293465 -0.284659 -0.829964 -1.3325 1.63816 1.6141 -0.712586 -0.964201 -0.472617 -0.890613 -0.660252 -0.825959 -0.684859 -0.941839 -0.70881 -0.855542 -0.704984 -0.950657 -0.806171 -0.775268 -0.75358 -0.971154 -0.824078 -0.79183 0.690051 1.49352 1.62306 28 -0.455973 -0.56746 0.204363 -0.80619 -0.627728 -0.937836 -0.992033 
0.727051 0.94218 0.663076 0.287597 0.34789 0.077209 0.567737 0.313745 0.762164 1.00538 0.898657 1.03786 0.110509 0.17296 0.055852 -0.255842 -0.293007 -0.276557 -0.699569 -1.10899 1.84315 1.83655 -0.685083 -0.974864 -0.439015 -0.890613 -0.616626 -0.819958 -0.670558 -0.941839 -0.691438 -0.855542 -0.690924 -0.950657 -0.774432 -0.775268 -0.737478 -0.971154 -0.795826 -0.789462 0.717767 1.39762 1.59586 27 -0.646027 -0.835753 -0.0913822 -0.80619 -0.627728 -0.937836 -1.10937 
0.719652 0.894765 0.66622 0.647941 0.357742 0.236818 -0.0259709 0.0963347 0.62578 0.600269 0.70327 0.85961 0.113045 0.164578 0.0571211 -0.244766 -0.288918 -0.266261 -0.885938 -1.57305 1.55548 1.33809 -0.722895 -0.972028 -0.406886 -0.890613 -0.574908 -0.814317 -0.656109 -0.941839 -0.675609 -0.855542 -0.677255 -0.950657 -0.745517 -0.775268 -0.721496 -0.971154 -0.769126 -0.788243 0.663515 1.28177 1.53 27 -0.265919 -1.02356 -0.429376 -0.80619 -0.627728 -0.937836 -1.1876 
0.711367 0.779588 0.652348 1.19868 0.597961 0.496914 -0.409936 -0.0307788 0.483629 0.311877 0.513797 0.704216 0.120494 0.142353 0.0539429 -0.236427 -0.276789 -0.253921 -0.657265 -2.09232 1.54301 1.66569 -0.675186 -0.972109 -0.376318 -0.890613 -0.53515 -0.812108 -0.641713 -0.941839 -0.661191 -0.855542 -0.663469 -0.950657 -0.719134 -0.775268 -0.70551 -0.966686 -0.744227 -0.788243 0.578061 1.14117 1.43976 26 0.114189 -0.969899 -0.753287 -0.80619 -0.627728 -0.937836 -1.22671 
0.487638 0.628667 0.578839 1.35916 0.827946 0.655633 -0.704825 -0.0937133 0.346267 -0.0733533 0.316118 0.547619 0.0862258 0.102031 0.0310251 -0.228105 -0.265452 -0.241921 -0.401979 -1.11047 1.54785 1.74931 -0.6043 -0.969752 -0.34801 -0.890613 -0.497235 -0.810348 -0.62737 -0.941839 -0.64732 -0.855542 -0.649622 -0.950657 -0.695144 -0.775268 -0.689538 -0.956491 -0.72101 -0.788243 0.333829 0.951069 1.31267 26 0.430945 -0.889411 -1.00678 -0.80619 -0.627728 -0.937836 -1.22671 
0.217945 0.509753 0.454805 1.00617 0.814759 0.601142 -1.03407 -0.103309 0.249296 -0.449291 0.215344 0.386596 0.0394625 0.0614429 -0.00401528 -0.226696 -0.251211 -0.232762 -0.424831 -0.62599 1.41221 1.76353 -0.613804 -0.967444 -0.3223 -0.890613 -0.461281 -0.810348 -0.613541 -0.941839 -0.633329 -0.855542 -0.635552 -0.950657 -0.673371 -0.775268 -0.673738 -0.948709 -0.699464 -0.788243 -0.0195205 0.760978 1.15664 20 0.17754 -0.969899 -1.11945 -0.80619 -0.627728 -0.937836 -1.22671 
0.172165 0.440625 0.346706 0.605451 0.708987 0.472154 -0.912398 -0.0185409 0.187149 -0.370063 0.217869 0.271436 0.0312072 0.0389516 -0.0311495 -0.231252 -0.227566 -0.219831 -0.692922 -0.649588 1.18853 1.2915 -0.683581 -0.971046 -0.298718 -0.890613 -0.427265 -0.810348 -0.60059 -0.941839 -0.619035 -0.855542 -0.620747 -0.950657 -0.653509 -0.775268 -0.657892 -0.937723 -0.6795 -0.788243 -0.450482 0.609436 0.998618 21 -0.709378 -1.05039 -1.11945 -0.80619 -0.627728 -0.937836 -1.22671 
0.139112 0.356432 0.24281 0.308238 0.676814 0.34437 -0.383448 0.139849 0.160128 -0.0247596 0.209507 0.170269 0.0240024 0.0179003 -0.0561263 -0.236357 -0.203929 -0.199391 -0.500583 -0.671127 0.912714 1.14224 -0.63746 -0.974044 -0.277052 -0.890613 -0.394742 -0.810348 -0.588498 -0.941839 -0.604592 -0.855542 -0.605252 -0.950657 -0.635202 -0.775268 -0.641606 -0.920357 -0.660931 -0.788243 -0.695403 0.496926 0.842682 23 -0.646027 -1.02356 -1.11945 -0.80619 -0.627728 -0.937836 -1.22671 
-0.0947856 0.17919 0.10161 0.0284044 0.647983 0.226035 0.0558376 0.231319 0.157623 -0.0584358 0.0948235 0.0827522 -0.0195569 -0.0338746 -0.0921169 -0.210004 -0.174927 -0.169295 -0.351681 -0.844001 1.14156 1.56137 -0.589241 -0.977125 -0.257598 -0.890613 -0.363797 -0.810348 -0.575217 -0.941839 -0.590203 -0.855542 -0.588821 -0.935062 -0.61831 -0.775268 -0.6244 -0.894789 -0.643309 -0.788243 -0.776645 0.381141 0.690832 24 -0.32927 -1.05039 -1.14761 -0.80619 -0.627728 -0.937836 -1.22671 
-0.207491 -0.0239891 -0.0204609 -0.253994 0.513312 0.154205 0.369605 0.236778 0.136818 -0.0851659 -0.061607 0.000521405 -0.0428202 -0.0918593 -0.124577 -0.189355 -0.145295 -0.130487 -0.598007 -1.08666 1.34424 1.56567 -0.660197 -0.973269 -0.240097 -0.890613 -0.335141 -0.810348 -0.561171 -0.941839 -0.575865 -0.855542 -0.571477 -0.910551 -0.602672 -0.775268 -0.605885 -0.861818 -0.626565 -0.788243 -0.853874 0.241326 0.53651 23 0.0508374 -1.07722 -1.10536 -0.80619 -0.627728 -0.937836 -1.22671 
-0.154234 -0.170214 -0.108964 -0.253125 0.308949 0.14074 0.655974 0.223465 0.114573 0.110404 -0.189374 -0.0849266 -0.0311909 -0.129462 -0.145477 -0.158394 -0.122707 -0.0834414 -0.614601 -0.979239 1.21627 1.47052 -0.668525 -0.974608 -0.22402 -0.890613 -0.309115 -0.810348 -0.545776 -0.941839 -0.562042 -0.855542 -0.553634 -0.891866 -0.588049 -0.775268 -0.585721 -0.821848 -0.610531 -0.788243 -0.951505 0.0912939 0.383322 25 0.367594 -1.05039 -1.04903 -0.80619 -0.627728 -0.937836 -1.22671 
-0.154881 -0.307001 -0.212715 -0.109076 0.235108 0.152107 0.994704 0.297453 0.11717 0.272073 -0.21223 -0.162601 -0.0303289 -0.168082 -0.171484 -0.0888321 -0.0948863 -0.0287003 -0.441584 -1.1369 1.2186 1.64907 -0.621789 -0.981096 -0.209467 -0.890613 -0.285243 -0.810348 -0.526796 -0.911591 -0.549097 -0.855542 -0.535057 -0.868854 -0.574077 -0.775268 -0.563623 -0.775341 -0.594761 -0.788243 -0.996583 -0.0543541 0.241133 27 -0.202568 -1.02356 -0.936368 -0.80619 -0.627728 -0.937836 -1.22671 
-0.220195 -0.427696 -0.332359 0.233389 0.236809 0.144699 1.15588 0.340109 0.12384 0.10164 -0.306841 -0.244615 -0.0408897 -0.201616 -0.201047 -0.0188679 -0.056367 0.0331379 -0.604979 -1.09718 1.37111 1.50435 -0.668241 -0.977853 -0.196477 -0.890613 -0.26331 -0.810348 -0.504405 -0.856177 -0.537011 -0.855542 -0.515254 -0.836991 -0.560493 -0.775268 -0.539356 -0.722804 -0.57911 -0.788243 -1.03925 -0.17556 0.110149 26 -0.83608 -0.94307 -0.894118 -0.80619 -0.627728 -0.937836 -1.22671 
-0.162616 -0.501785 -0.423328 0.470093 0.0762718 0.0686101 0.932263 0.306783 0.120313 -0.0224462 -0.366233 -0.320507 -0.0291628 -0.22085 -0.221558 0.032208 -0.00868425 0.0956672 -0.752093 -0.775748 1.42313 1.27705 -0.698983 -0.939769 -0.184657 -0.890613 -0.243617 -0.810348 -0.479882 -0.815724 -0.523735 -0.855542 -0.493847 -0.797549 -0.546794 -0.775268 -0.513006 -0.66968 -0.563454 -0.783824 -1.02011 -0.300332 -0.0120129 25 -0.772729 -0.862582 -0.865952 -0.80619 -0.627728 -0.937836 -1.22671 
-0.116858 -0.540308 -0.484886 0.322936 -0.294015 -0.0274272 0.697152 0.241111 0.0808654 0.0614497 -0.3148 -0.368095 -0.0160964 -0.229705 -0.235493 0.0643335 0.0482918 0.151346 -0.67105 -0.67966 1.60302 1.39113 -0.678489 -0.947433 -0.173723 -0.890613 -0.2259 -0.810348 -0.454413 -0.790279 -0.509696 -0.855542 -0.470475 -0.750419 -0.533033 -0.775268 -0.485003 -0.622376 -0.547813 -0.773743 -0.929785 -0.427169 -0.127161 27 -0.392621 -0.755265 -0.739204 -0.80619 -0.627728 -0.937836 -1.22671 
-0.188147 -0.604322 -0.454722 0.034186 -0.440861 -0.0234113 0.488948 0.124784 -0.0243927 -0.102531 -0.402251 -0.450018 -0.0257211 -0.237069 -0.207785 0.0773054 0.120574 0.192475 -0.631716 -0.952834 1.61524 1.80067 -0.672314 -0.93187 -0.162265 -0.890613 -0.209626 -0.810348 -0.429115 -0.780005 -0.494307 -0.855542 -0.444522 -0.690628 -0.519051 -0.775268 -0.4561 -0.587433 -0.532339 -0.766047 -0.789593 -0.491993 -0.221248 27 0.17754 -0.594289 -0.62654 -0.80619 -0.627728 -0.937836 -1.22671 
-0.298462 -0.679907 -0.338727 -0.0209347 -0.405505 0.115857 0.0476375 -0.0216078 -0.107238 -0.386524 -0.553919 -0.536464 -0.0413115 -0.248837 -0.0951636 0.0600146 0.194379 0.229619 -0.633525 -1.061 1.73541 1.78079 -0.672648 -0.884331 -0.147572 -0.890613 -0.194894 -0.810348 -0.405636 -0.780005 -0.475335 -0.825365 -0.416051 -0.629577 -0.504338 -0.775268 -0.426523 -0.555876 -0.516821 -0.755183 -0.706958 -0.530717 -0.306374 23 0.304243 -0.406484 -0.527958 -0.80619 -0.627728 -0.937836 -1.22671 
-0.382845 -0.800795 -0.225125 -0.231462 -0.476262 0.240471 -0.558167 -0.177466 -0.168734 -0.695295 -0.670297 -0.559751 -0.0517302 -0.279209 0.00830848 0.042825 0.271647 0.269593 -0.57306 -0.564224 1.74032 1.41417 -0.653769 -0.883373 -0.130098 -0.890613 -0.181744 -0.810348 -0.383878 -0.780005 -0.452955 -0.770082 -0.385033 -0.565662 -0.48894 -0.775268 -0.396181 -0.521915 -0.500871 -0.738009 -0.735746 -0.594008 -0.402171 22 -0.0125138 -0.433313 -0.415293 -0.80619 -0.627728 -0.937836 -1.22671 
-0.463397 -0.86532 -0.133907 -0.647293 -0.67033 0.256739 -0.903053 -0.291713 -0.243768 -0.75054 -0.737241 -0.608698 -0.0663559 -0.294762 0.0894311 0.0695011 0.354671 0.306274 -0.663055 -0.496617 1.411 1.31317 -0.677219 -0.867268 -0.110679 -0.870622 -0.169778 -0.810348 -0.361434 -0.780005 -0.428442 -0.729724 -0.351338 -0.496986 -0.472613 -0.759726 -0.365255 -0.490751 -0.484022 -0.712724 -0.936149 -0.666483 -0.45746 23 -0.139216 -0.540631 -0.246296 -0.80619 -0.627728 -0.937836 -1.22671 
-0.511344 -0.803294 0.011011 -0.873645 -0.689934 0.265884 -1.02552 -0.325634 -0.31859 -0.767428 -0.709152 -0.659556 -0.0737244 -0.272361 0.180596 0.155573 0.425735 0.372099 -0.917739 -1.04981 1.38987 1.32721 -0.729684 -0.86208 -0.0891024 -0.79488 -0.158711 -0.810348 -0.335247 -0.718015 -0.402985 -0.704339 -0.315622 -0.438203 -0.455376 -0.735299 -0.332529 -0.434827 -0.465889 -0.680119 -1.07005 -0.774245 -0.494652 22 -0.265919 -0.486972 -0.063216 -0.80619 -0.627728 -0.937836 -1.1876 
-0.535723 -0.562069 0.16925 -0.72979 -0.407638 0.438518 -1.11844 -0.408296 -0.405436 -0.853843 -0.679344 -0.692845 -0.0723214 -0.171389 0.249657 0.298891 0.475703 0.452696 -0.944251 -1.40607 1.43591 1.19533 -0.733732 -0.886653 -0.0661397 -0.737503 -0.147111 -0.810348 -0.302567 -0.604503 -0.377698 -0.694089 -0.278897 -0.396871 -0.437645 -0.716679 -0.297466 -0.366353 -0.446142 -0.640593 -0.989439 -0.852553 -0.533082 22 -0.582675 -0.486972 0.133947 -0.80619 -0.627728 -0.937836 -1.10937 
-0.519631 -0.191102 0.30202 -0.574381 0.0170151 0.649474 -1.06967 -0.519052 -0.493465 -0.806198 -0.707649 -0.745078 -0.0666996 0.0830713 0.295289 0.50144 0.533596 0.545068 -1.02124 -1.19881 1.20579 1.36486 -0.746293 -0.867426 -0.042552 -0.69959 -0.132237 -0.810348 -0.260719 -0.444078 -0.35423 -0.694089 -0.240874 -0.348983 -0.419184 -0.693746 -0.259692 -0.287874 -0.424501 -0.594601 -0.899553 -0.860954 -0.546356 23 -0.899432 -0.352826 0.387443 -0.80619 -0.627728 -0.937836 -0.992033 
-0.454169 0.210819 0.388051 -0.614703 0.364304 0.804711 -0.607405 -0.519892 -0.565188 -0.475578 -0.606147 -0.796093 -0.0556399 0.332876 0.318757 0.731243 0.592274 0.655154 -1.04848 -1.11553 0.982408 0.734708 -0.751312 -0.81229 -0.0190158 -0.680093 -0.114548 -0.810348 -0.208781 -0.262067 -0.332481 -0.694089 -0.201579 -0.300445 -0.399506 -0.661993 -0.21861 -0.194347 -0.400736 -0.542646 -1.00231 -0.974607 -0.554427 23 -0.899432 -0.111362 0.55644 -0.80619 -0.627728 -0.937836 -0.83558 
-0.374806 0.549866 0.440261 -0.523088 0.702526 0.917323 0.0153344 -0.499015 -0.60534 -0.180662 -0.527254 -0.803226 -0.0412649 0.533175 0.333031 0.902279 0.61814 0.770478 -0.901746 -1.2025 1.0545 1.07785 -0.728282 -0.732933 0.00420669 -0.668234 -0.0948904 -0.790308 -0.150089 -0.126602 -0.310047 -0.694089 -0.162427 -0.279049 -0.378232 -0.622686 -0.174164 -0.0963691 -0.374931 -0.490111 -1.19116 -1.03816 -0.586066 21 -0.646027 0.210589 0.655021 -0.80619 -0.627728 -0.937836 -0.640014 
-0.267689 0.853662 0.566369 -0.0738873 1.14938 1.08863 0.351908 -0.55434 -0.627375 -0.116638 -0.651404 -0.783908 -0.0251722 0.714761 0.374096 0.96343 0.681595 0.873333 -0.989777 -1.44502 1.12004 1.31897 -0.740937 -0.660984 0.0278887 -0.634116 -0.0730487 -0.714382 -0.090234 -0.0781686 -0.283871 -0.632245 -0.121882 -0.226559 -0.355007 -0.575718 -0.127 -0.0089848 -0.347507 -0.443331 -1.42769 -0.908166 -0.621204 22 -0.709378 0.532541 0.73952 -0.80619 -0.627728 -0.878796 -0.444447 
0.173727 1.16745 0.830013 0.584297 1.60411 1.3503 0.47884 -0.592178 -0.654341 -0.0237073 -0.726819 -0.737208 0.0702109 0.841503 0.588389 0.851967 0.735267 0.953855 -1.27284 -1.34766 1.02725 0.904391 -0.778641 -0.587177 0.056843 -0.456077 -0.0498036 -0.656865 -0.0374468 -0.0781686 -0.251205 -0.519 -0.0803987 -0.182163 -0.329216 -0.516133 -0.0781073 0.0594255 -0.319201 -0.408776 -1.73182 -0.821025 -0.657985 22 -0.772729 0.881321 0.838102 -0.80619 -0.627728 -0.760716 -0.248881 
0.89215 1.47716 1.15361 1.21957 1.92269 1.62811 0.52288 -0.640522 -0.723551 0.0987674 -0.698754 -0.715719 0.321635 0.933161 0.945164 0.650395 0.782518 1.0374 -1.27971 -1.18905 1.12906 0.884687 -0.782521 -0.519592 0.0947543 -0.159661 -0.0259257 -0.618861 0.00437849 -0.0781686 -0.209376 -0.358953 -0.038272 -0.143078 -0.300923 -0.455293 -0.0274479 0.130402 -0.290236 -0.377568 -1.7709 -0.814934 -0.641634 23 -0.646027 1.17644 0.964849 -0.80619 -0.627728 -0.583595 -0.0533147 
1.54184 1.71902 1.4552 1.93752 2.17979 1.87601 0.340477 -0.748705 -0.833112 0.238797 -0.715645 -0.74725 0.550645 0.993958 1.19184 0.427709 0.862975 1.09718 -1.21628 -1.37346 1.42548 1.18735 -0.775401 -0.452049 0.13825 0.0452835 -0.00210009 -0.599316 0.0347471 -0.0781686 -0.157461 -0.177371 0.00576101 -0.076525 -0.270099 -0.391598 0.0240035 0.181196 -0.260521 -0.343984 -1.16334 -0.759582 -0.563114 25 0.304243 1.49839 1.19018 -0.80619 -0.627728 -0.347435 0.142252 
2.10851 1.86741 1.72193 2.74969 2.50176 2.14384 -0.262511 -0.857919 -0.977354 -0.0779578 -0.774611 -0.828019 0.739986 1.03038 1.39874 0.156005 0.959532 1.16033 -1.11055 -1.48086 1.60695 1.17317 -0.761413 -0.406315 0.186029 0.217178 0.0214081 -0.587428 0.0519273 -0.0781686 -0.0987945 -0.0422247 0.0522356 0.00334623 -0.236614 -0.323158 0.0763383 0.234844 -0.230235 -0.313166 -0.620516 -0.670305 -0.440037 26 1.69797 1.90083 1.48592 -0.80619 -0.627728 -0.0522337 0.337818 
2.61564 2.06096 1.94475 3.33095 2.81633 2.39073 -1.01277 -1.01599 -1.14872 -0.455299 -0.781331 -0.952586 0.913027 1.09081 1.60202 0.114191 1.06567 1.23753 -0.868614 -0.812654 1.47176 1.25185 -0.719892 -0.435285 0.237814 0.386068 0.0453813 -0.553227 0.0667541 -0.0781686 -0.0389662 0.00609502 0.10141 0.0911385 -0.201122 -0.264577 0.130036 0.300432 -0.198185 -0.257861 -0.287132 -0.624317 -0.294211 19 2.83829 2.1423 1.69717 -0.80619 -0.486489 0.242967 0.533384 
2.6076 2.22745 2.01733 3.19444 2.91427 2.46185 -1.50757 -1.12381 -1.29124 -0.72365 -0.755166 -1.07591 0.924981 1.38082 1.67786 0.291934 1.193 1.33936 0.138035 0.217977 1.02451 1.14029 -0.362504 -0.552611 0.29013 0.449083 0.0746918 -0.374755 0.0890052 -0.0781686 0.0137978 0.00609502 0.153962 0.196464 -0.164627 -0.223387 0.185931 0.386947 -0.163848 -0.190146 -0.24883 -0.590081 -0.183199 21 3.72521 2.24961 1.838 -0.80619 -0.204012 0.538168 0.72895 
1.91199 2.16468 1.88916 2.48275 2.72494 2.31734 -1.76256 -1.16234 -1.35749 -1.1006 -0.800738 -1.1198 0.656262 1.69882 1.56671 0.641685 1.37213 1.49627 0.805201 0.761964 0.813071 0.915503 0.29914 -0.521273 0.338166 0.449083 0.113069 -0.0776184 0.125855 -0.0781686 0.0556046 0.00609502 0.211656 0.34464 -0.126841 -0.175663 0.245902 0.520254 -0.126855 -0.112538 -0.238821 -0.4839 -0.169115 15 4.16867 2.3301 1.9225 -0.80619 0.219705 0.833369 0.924517 
0.94471 1.93009 1.70733 1.54888 2.44172 2.10243 -1.96594 -1.23934 -1.41746 -1.45025 -0.896038 -1.17446 0.228637 1.66314 1.38201 1.11699 1.51396 1.65769 0.707861 0.775189 0.964948 1.07506 0.214508 -0.436919 0.380238 0.449083 0.1571 0.127824 0.182097 0.0434527 0.0859599 0.00609502 0.272931 0.46196 -0.0877927 -0.127292 0.309944 0.657398 -0.0866226 -0.0200472 -0.10221 -0.358293 -0.155512 10 3.47181 2.24961 1.89433 -0.80619 0.78466 1.12857 1.12008 
-0.0794929 1.71483 1.58579 0.438069 2.1655 1.97722 -1.79125 -1.36024 -1.50936 -1.48749 -1.10091 -1.27577 -0.167919 1.62052 1.27679 1.71438 1.684 1.76649 0.625323 0.680811 0.781221 0.793664 0.0628908 -0.452011 0.418565 0.449083 0.205467 0.300136 0.262122 0.516605 0.103132 0.00609502 0.338652 0.602616 -0.0488849 -0.10597 0.376062 0.749832 -0.0430956 0.0768442 0.0238787 -0.193516 -0.101542 6 2.01473 1.95449 1.76759 -0.80619 1.49085 1.42377 1.31565 
-0.839545 1.54322 1.47721 -0.512043 1.90171 1.88443 -1.23333 -1.42845 -1.56822 -1.071 -1.17232 -1.31823 -0.477455 1.64012 1.21866 2.19351 1.83552 1.90718 0.626253 0.640657 0.445525 0.355848 0.0223299 -0.171139 0.454454 0.449083 0.257889 0.469436 0.360053 0.896095 0.117953 0.00609502 0.407992 0.72795 -0.00859364 -0.0536613 0.44527 0.869362 0.00309395 0.16326 -0.127344 -0.173252 -0.109264 6 0.304243 1.57888 1.58451 -0.370848 2.05581 1.65993 1.4721 
-1.00988 1.34852 1.39909 -0.811168 1.59807 1.76728 -0.66236 -1.48535 -1.56955 -0.403448 -1.15683 -1.29292 -0.375069 1.58241 1.22392 2.35367 1.93367 2.01358 0.23222 0.443664 0.335073 0.368176 -0.287899 -0.0613571 0.489538 0.449083 0.310849 0.532605 0.462043 1.02294 0.140194 0.00609502 0.478949 0.80914 0.03263 -0.00941788 0.516285 0.959757 0.0509752 0.230912 -0.607854 -0.232384 -0.186632 4 -0.772729 1.17644 1.35918 0.0644952 2.33829 1.77801 1.55033 
-0.548719 1.14549 1.38858 -0.51293 1.31997 1.66396 -0.375168 -1.49956 -1.54672 0.0499195 -1.14119 -1.2577 0.176738 1.51084 1.30174 2.41029 2.08915 2.06138 -0.120788 0.207335 0.273786 0.161099 -0.488786 0.0358378 0.525588 0.449083 0.359476 0.532605 0.563722 1.06779 0.177027 0.00609502 0.553433 0.937749 0.0744932 0.0295331 0.587078 1.00037 0.100587 0.301101 -1.15239 -0.278231 -0.267831 7 0.557648 0.800834 1.14793 0.499838 2.33829 1.77801 1.55033 
0.211406 1.05945 1.50366 0.0758647 1.14755 1.67322 -0.154292 -1.49488 -1.52521 0.280737 -1.12804 -1.16189 0.737364 1.50734 1.6721 2.2183 2.20944 2.08883 -0.456766 -0.0559603 0.220998 0.18731 -0.619915 0.271522 0.56949 0.449083 0.402065 0.532605 0.655113 1.06779 0.233244 0.12743 0.630115 1.03725 0.118251 0.0958567 0.656986 1.02369 0.150975 0.351332 -1.41925 -0.3132 -0.407723 13 0.557648 0.613029 1.04935 0.935181 2.05581 1.65993 1.4721 
1.15992 1.18647 1.70435 0.857787 1.12709 1.76737 -0.0825245 -1.58092 -1.57431 0.348344 -1.18683 -1.16338 1.27326 1.65156 2.17045 1.89545 2.161 2.08787 -0.891296 -0.479842 0.688275 0.583527 -0.724072 0.45565 0.623939 0.858333 0.440864 0.532605 0.731408 1.06779 0.313235 0.599468 0.703256 1.03725 0.164435 0.175453 0.725114 1.02369 0.202227 0.404385 -0.71826 -0.290111 -0.416064 14 -0.265919 0.586199 1.04935 1.37052 1.49085 1.42377 1.31565 
2.01236 1.31128 1.84194 1.60621 1.1064 1.81972 -0.512954 -1.70723 -1.68909 -0.119133 -1.37552 -1.2603 1.77013 1.83133 2.40816 1.47971 2.19146 2.06422 -0.191227 -0.028228 0.793755 1.07051 -0.540319 0.499017 0.68253 1.05583 0.477194 0.532605 0.789528 1.06779 0.411123 0.978064 0.775599 1.03725 0.213302 0.262943 0.790798 1.02369 0.254814 0.469246 0.144836 -0.145202 -0.305501 13 -0.646027 0.55937 1.0916 1.37052 0.78466 1.12857 1.12008 
2.12527 1.15791 1.78929 1.76906 0.951626 1.7032 -1.23176 -1.7897 -1.76562 -1.04798 -1.59327 -1.3804 1.74178 1.69728 2.4592 1.31507 2.23643 2.06421 1.15484 1.00583 0.510277 1.22592 0.91309 0.442065 0.740856 1.09823 0.51271 0.532605 0.839857 1.06779 0.513068 1.10461 0.84765 1.05958 0.265525 0.367906 0.85488 1.02369 0.309554 0.554802 0.794285 0.0238493 -0.173285 14 0.494296 0.666687 1.13385 1.37052 0.219705 0.833369 0.924517 
1.45818 0.883279 1.54399 1.28282 0.751885 1.46174 -1.64088 -1.83557 -1.82044 -1.70143 -1.74005 -1.52043 0.945102 1.07108 2.16933 1.40875 2.16477 2.06175 1.52265 1.32153 0.188656 0.580043 2.05833 0.611688 0.791248 1.09823 0.549203 0.532605 0.892556 1.06779 0.614702 1.14935 0.915648 1.05958 0.322858 0.515572 0.917341 1.02369 0.368285 0.686632 0.941134 0.144972 -0.0185528 11 1.63462 0.666687 1.14793 1.37052 -0.204012 0.538168 0.72895 
0.680611 0.846473 1.2215 0.6495 0.706191 1.17541 -1.95917 -1.8355 -1.83585 -2.04918 -1.66764 -1.57693 0.0540111 1.03385 1.69081 1.57327 2.10746 2.02552 1.17084 1.14354 0.146477 0.0392933 1.10419 0.541787 0.82979 1.09823 0.593644 0.532605 0.950217 1.06779 0.706052 1.14935 0.980197 1.05958 0.383749 0.632489 0.977189 1.02369 0.431003 0.822255 0.769088 0.0747475 0.0472999 5 1.95138 0.586199 1.03526 1.37052 -0.486489 0.242967 0.533384 
0.0401208 0.890012 0.882081 0.14757 0.736173 0.847454 -2.44046 -1.81435 -1.82013 -2.24088 -1.47581 -1.54273 -0.505253 1.44554 1.29931 1.58075 2.07841 2.05347 1.13058 1.0185 0.095336 -0.12661 0.842718 0.681735 0.858814 1.09823 0.648763 0.94285 1.0068 1.06779 0.782314 1.14935 1.04231 1.05958 0.44906 0.772661 1.03649 1.02369 0.495754 0.913665 0.784218 -0.0757775 0.0315134 4 1.50792 0.452053 0.795852 1.37052 -0.627728 -0.0522337 0.337818 
-0.68153 0.826257 0.581882 -0.417243 0.711006 0.534692 -2.45255 -1.80129 -1.76665 -2.08952 -1.36451 -1.50169 -0.992711 1.38853 0.951039 1.9055 1.97926 2.03379 1.15586 1.04081 -0.204895 -0.367751 0.899061 0.785543 0.879593 1.09823 0.708075 1.14082 1.07406 1.06779 0.840408 1.14935 1.09989 1.05958 0.517966 0.897563 1.09381 1.02369 0.563531 1.03187 1.00744 -0.104207 0.0514942 5 1.06446 0.452053 0.528274 1.37052 -0.627728 -0.347435 0.142252 
-1.01578 0.851048 0.371769 -0.743209 0.709723 0.338498 -1.96352 -1.68235 -1.64483 -1.46428 -1.24435 -1.40688 -1.25053 1.48836 0.720481 2.18941 1.92971 1.94101 0.716674 0.822097 -0.654002 -0.499606 0.223442 0.866239 0.89494 1.09823 0.767119 1.18333 1.15012 1.06779 0.890715 1.14935 1.15461 1.05958 0.588479 0.978474 1.14703 1.02369 0.633077 1.12126 1.14623 -0.132478 0.0422063 3 0.494296 0.452053 0.359277 1.37052 -0.627728 -0.583595 -0.0533147 
-0.665359 0.960895 0.365138 -0.496505 0.773589 0.316634 -1.44929 -1.5806 -1.55638 -0.791687 -1.18838 -1.35273 -0.893275 1.75219 0.712357 1.9267 1.80334 1.84289 0.204228 0.435096 -0.496987 -0.27892 -0.310413 1.25508 0.909766 1.09823 0.81813 1.18333 1.21498 1.06779 0.943391 1.14935 1.20425 1.05958 0.662497 1.10664 1.19613 1.02369 0.702406 1.16142 1.13565 -0.105245 0.0969959 3 -0.265919 0.452053 0.133947 1.37052 -0.627728 -0.760716 -0.248881 
0.165347 0.960431 0.489348 0.16195 0.789262 0.398239 -1.06124 -1.50501 -1.48875 -0.234531 -1.19773 -1.30973 0.314355 1.7866 0.883266 1.53337 1.52705 1.67343 0.202094 0.370957 -0.608413 -0.455348 -0.341455 1.36343 0.927848 1.09823 0.857146 1.18333 1.26436 1.06779 1.00103 1.14935 1.24444 1.05958 0.738699 1.2058 1.23917 1.02369 0.770868 1.18448 0.810199 -0.0191849 0.167379 4 -0.772729 0.425224 -0.00688369 1.37052 -0.627728 -0.878796 -0.444447 
0.822857 0.72343 0.556595 0.700805 0.609117 0.453511 -0.519184 -1.3588 -1.34278 0.256811 -1.10634 -1.16429 1.41106 1.59064 0.989252 1.36339 1.49775 1.52055 0.606493 0.722652 -0.991909 -0.778229 0.0608933 0.963183 0.94773 1.09823 0.886528 1.18333 1.30664 1.06779 1.05759 1.14935 1.28286 1.05958 0.811383 1.2058 1.27681 1.02369 0.837587 1.18448 0.145493 -0.0121117 0.125344 3 -0.899432 0.237419 -0.0772991 1.37052 -0.627728 -0.937836 -0.640014 
1.13876 0.36821 0.623408 0.927836 0.296074 0.489961 -0.000248789 -1.11146 -1.17904 0.534209 -0.964316 -0.976842 1.84183 1.2598 1.17288 1.16181 1.42914 1.35827 0.753387 0.856467 -0.823265 -0.680249 0.28167 1.49682 0.970948 1.09823 0.907562 1.18333 1.34097 1.06779 1.12481 1.14935 1.31842 1.05958 0.883274 1.2058 1.30898 1.02369 0.901914 1.18448 -0.646894 -0.0502569 0.021983 2 -0.899432 -0.0577035 -0.147715 1.37052 -0.627728 -0.937836 -0.874693 
1.39237 0.128827 0.677088 1.08874 0.0893326 0.514339 0.282611 -0.888515 -1.08134 0.581382 -0.788738 -0.88629 2.20912 0.940375 1.37908 0.702461 1.13457 1.16764 0.94086 0.92002 -0.62365 -0.295277 0.507582 1.57694 0.99785 1.09823 0.923098 1.18333 1.35869 1.06779 1.20084 1.14935 1.34461 1.05958 0.954874 1.22805 1.33504 1.02369 0.964671 1.18448 -0.953552 -0.143964 -0.0262098 4 -0.83608 -0.272338 -0.204047 1.37052 -0.627728 -0.937836 -1.10937 
1.43989 0.125842 0.630063 1.11839 0.0736984 0.481913 0.104582 -0.798461 -1.01523 0.288592 -0.707679 -0.854269 2.31347 0.943382 1.33652 0.449209 0.995249 0.99689 0.943283 0.986341 -0.579225 -0.237475 0.600727 1.28675 1.02332 1.09823 0.938106 1.18333 1.3674 1.06779 1.26568 1.14935 1.36623 1.05958 1.02245 1.22805 1.35575 1.02369 1.02584 1.18448 -0.568819 -0.191755 -0.0271902 4 -0.899432 -0.460143 -0.204047 1.37052 -0.627728 -0.937836 -1.10937 
0.877592 0.0973554 0.508814 0.678479 0.0343556 0.389113 -0.0862264 -0.787393 -0.963529 -0.146764 -0.782171 -0.870347 1.50447 0.764521 1.08766 0.382018 0.891383 0.877296 1.67438 1.44618 -0.477521 0.149411 2.70089 1.41917 1.0433 1.09823 0.956411 1.18333 1.37365 1.06779 1.31503 1.14935 1.38442 1.05958 1.08659 1.22805 1.3727 1.02369 1.08445 1.18448 -0.0645692 -0.130081 0.0168876 4 -0.646027 -0.594289 -0.246296 1.37052 -0.627728 -0.937836 -0.874693 
-0.143714 -0.165935 0.274722 -0.158643 -0.137603 0.217707 -0.341736 -0.742234 -0.952571 -0.710582 -0.890578 -0.951142 -0.0773148 -0.322489 0.480287 0.608099 0.665829 0.752439 1.84661 1.55542 -0.606213 0.0179466 3.52932 1.53088 1.0509 1.09823 0.976537 1.18333 1.38732 1.06779 1.3573 1.14935 1.39586 1.05958 1.14832 1.22805 1.38586 1.02369 1.14252 1.18448 0.187101 2.50463e-05 0.136312 4 -0.455973 -0.56746 -0.373044 1.37052 -0.627728 -0.937836 -0.640014 
-0.84147 -0.261862 -0.0358981 -0.753061 -0.22615 -0.0194756 -0.675862 -0.615372 -0.881361 -1.22871 -0.811382 -0.939229 -1.25476 -0.853605 -0.181352 0.376246 0.473191 0.639074 1.29056 1.23699 -0.818575 -0.603108 1.43003 1.47709 1.04546 1.09823 1.00004 1.18333 1.39304 1.06779 1.3916 1.14935 1.40168 1.05958 1.20554 1.22805 1.39567 1.02369 1.19866 1.18448 0.177704 0.0405554 0.21734 3 -0.32927 -0.594289 -0.485709 1.37052 -0.627728 -0.878796 -0.444447 
-1.26814 -0.241734 -0.292845 -1.07303 -0.230196 -0.230697 -0.849743 -0.537835 -0.773173 -1.44147 -0.731806 -0.836284 -1.86825 -0.760676 -0.653206 0.16123 0.305942 0.570389 1.39037 1.21504 -0.64683 -0.483844 1.53591 1.60193 1.03104 1.09823 1.02727 1.18333 1.3916 1.06779 1.40932 1.14935 1.40275 1.05958 1.25992 1.22805 1.40343 1.02369 1.25078 1.18448 0.0601923 0.0625872 0.23965 2 -0.202568 -0.701606 -0.612457 1.37052 -0.627728 -0.760716 -0.248881 
-1.58507 -0.38829 -0.404817 -1.29289 -0.308258 -0.325461 -0.977391 -0.520459 -0.64954 -1.54386 -0.687066 -0.672079 -2.35308 -1.132 -0.922648 0.265778 0.0929138 0.429411 1.32712 1.17261 -0.923478 -0.802345 1.35245 1.61908 1.01178 1.09823 1.05306 1.18333 1.39359 1.06779 1.41802 1.14935 1.39798 1.05958 1.30924 1.22805 1.40728 1.02369 1.29887 1.18448 0.324285 0.100067 0.214247 2 -0.265919 -0.782094 -0.781454 1.37052 -0.627728 -0.583595 -0.0533147 
-1.57876 -0.42365 -0.389757 -1.28729 -0.336875 -0.317008 -0.919744 -0.40858 -0.523824 -1.39492 -0.519431 -0.520542 -2.41473 -1.1132 -0.843591 0.231114 0.0684233 0.293141 0.524413 0.686842 -0.961257 -0.95288 -0.0129015 1.35046 0.994393 1.09823 1.07328 1.18333 1.39442 1.06779 1.42427 1.14935 1.39263 1.05958 1.34918 1.22805 1.40746 1.02369 1.34101 1.18448 0.846704 0.065443 0.164419 1 -0.455973 -0.889411 -0.908201 1.37052 -0.627728 -0.347435 0.142252 
-0.959022 -0.206147 -0.259821 -0.779143 -0.1895 -0.214771 -0.674441 -0.376016 -0.409723 -0.853719 -0.462067 -0.417023 -1.60877 -0.651824 -0.6346 -0.0723344 -0.00884189 0.156315 -0.112121 0.136706 -1.01296 -0.858515 -0.515925 1.92439 0.981264 1.09823 1.08098 1.18333 1.3856 1.06779 1.43793 1.14935 1.38532 1.05958 1.38736 1.22805 1.40407 1.02369 1.37788 1.18448 1.21968 0.0489334 0.0962904 1 -0.709378 -1.05039 -0.978617 1.37052 -0.627728 -0.0522337 0.337818 
-0.000175297 0.00696935 -0.0893163 0.0250691 0.0063735 -0.0823674 -0.330378 -0.40911 -0.262384 -0.0645137 -0.425553 -0.292328 -0.220364 -0.384894 -0.396892 -0.490542 -0.259221 -0.0535584 0.186608 0.298876 -1.13594 -1.16812 -0.377403 1.69839 0.972795 1.09823 1.07547 1.18333 1.36381 1.06779 1.44365 1.14935 1.37151 1.05958 1.42269 1.22805 1.39532 1.02369 1.40938 1.18448 1.24329 0.0371499 -0.024693 2 -0.899432 -1.07722 -1.02087 1.37052 -0.486489 0.242967 0.533384 
0.670129 0.0408546 0.0505414 0.590414 0.0431102 0.0273459 -0.0958163 -0.366408 -0.165073 0.430748 -0.33638 -0.159664 0.749231 -0.309947 -0.143269 -0.446832 -0.145784 -0.219994 0.494161 0.642316 -1.00802 -0.965656 -0.0646069 1.26096 0.96914 1.09823 1.06087 1.18333 1.34381 1.06779 1.44222 1.14935 1.36095 1.05958 1.44873 1.22805 1.38249 1.02369 1.4349 1.18448 0.877598 0.000722193 -0.197813 1 -0.646027 -1.07722 -1.0772 1.37052 -0.204012 0.538168 0.72895 
1.06701 0.0580519 0.161925 0.88806 0.0190666 0.1045 0.263566 -0.210631 -0.107161 0.899102 -0.106224 -0.0371893 1.29297 -0.284632 0.1925 -0.483388 -0.136949 -0.390852 0.71195 0.81263 -1.21526 -1.2599 0.208342 1.80027 0.971651 1.09823 1.04137 1.18333 1.32307 1.06779 1.4442 1.14935 1.35083 1.05958 1.47021 1.22805 1.36557 1.02369 1.45518 1.18448 0.357202 -0.0955766 -0.398001 1 -0.392621 -0.969899 -1.11945 1.37052 0.219705 0.833369 0.924517 
1.40263 0.0222334 0.173828 1.13432 0.0029625 0.112718 0.599468 -0.00955767 -0.036547 1.33274 0.163151 0.0883391 1.83162 -0.315587 0.342582 -0.621908 -0.361167 -0.558467 0.929444 0.889791 -1.18421 -1.12648 0.462621 1.631 0.976811 1.09823 1.02377 1.18333 1.2985 1.06779 1.44503 1.14935 1.33511 1.05958 1.48828 1.22805 1.34478 1.02369 1.47178 1.18448 -0.00964843 -0.26818 -0.611553 2 -0.202568 -0.91624 -1.14761 1.37052 0.78466 1.12857 1.12008 
1.47688 0.117908 0.12074 1.1971 0.0749406 0.0718353 0.607893 0.136092 -0.0163111 1.22217 0.362038 0.143138 2.04794 0.131709 0.279914 -0.69957 -0.383444 -0.677133 0.819884 0.891231 -0.980535 -0.538992 0.381561 1.40231 0.980757 1.09823 1.01048 1.18333 1.27206 1.06779 1.43621 1.14935 1.31913 1.05958 1.49965 1.22805 1.32144 1.02369 1.48467 1.18448 -0.263268 -0.498115 -0.830355 2 -0.139216 -0.862582 -1.14761 1.37052 1.49085 1.42377 1.31565 
0.978456 0.177263 0.0967076 0.788813 0.106487 0.048968 0.344761 0.235282 -0.0306826 0.699922 0.385674 0.0912825 1.49332 0.493563 0.213509 -0.299365 -0.443123 -0.796663 1.44907 1.27606 -0.818716 0.0287626 1.79847 1.46708 0.983457 1.09823 1.00191 1.18333 1.25809 1.06779 1.41444 1.14935 1.30194 1.05958 1.50544 1.22805 1.2956 1.02369 1.49428 1.18448 -0.370762 -0.798927 -1.04316 4 -0.392621 -0.862582 -1.1617 0.935181 2.05581 1.65993 1.4721 
0.150882 0.0430611 -0.00251904 0.0925242 0.0370973 -0.0144665 0.0738724 0.226125 -0.0734076 -0.0127004 0.295626 -0.031509 0.367414 0.0160446 -0.117285 0.137162 -0.632736 -0.887011 1.64206 1.38847 -0.831822 -0.22955 2.47248 1.54756 0.980328 1.09823 0.998211 1.18333 1.25734 1.06779 1.39445 1.14935 1.28032 1.05958 1.5065 1.22805 1.26803 1.02369 1.50188 1.18448 -0.592236 -1.11239 -1.20709 4 -0.709378 -0.94307 -1.11945 0.499838 2.33829 1.77801 1.55033 
-0.42413 0.0912151 -0.136935 -0.401928 0.060636 -0.110714 0.0290516 0.237826 -0.0999687 -0.293955 0.299089 -0.0723852 -0.488389 0.180258 -0.495723 0.0249916 -0.784448 -0.907547 1.14903 1.12665 -0.820235 -0.511288 1.0442 1.40468 0.970706 1.09823 1.00075 1.18333 1.2533 1.06779 1.37372 1.14935 1.25533 1.05958 1.50176 1.22805 1.24048 1.02369 1.50565 1.18448 -0.955271 -1.29254 -1.31885 4 -0.899432 -1.05039 -1.10536 0.0644952 2.33829 1.77801 1.55033 
-0.837572 0.142964 -0.299222 -0.721461 0.0846458 -0.235131 -0.129854 0.152834 -0.111949 -0.596633 0.229812 -0.0911179 -1.07596 0.363306 -0.820532 -0.0185965 -0.942988 -0.976959 1.44179 1.26346 -0.769187 -0.444807 1.73204 1.60523 0.955689 1.09823 1.00598 1.18333 1.24807 1.06779 1.34916 1.14935 1.2269 1.05958 1.49645 1.22805 1.21178 1.02369 1.50582 1.18448 -1.26554 -1.42935 -1.41111 4 -0.519324 -0.996728 -1.10536 -0.370848 2.05581 1.65993 1.4721 
-1.24111 -0.100015 -0.379299 -1.02871 -0.0703471 -0.293069 -0.182706 0.0908054 -0.100518 -0.699283 0.221957 -0.0632771 -1.74554 -0.302037 -0.948891 -0.0361836 -1.21391 -1.11328 1.47434 1.2812 -1.18576 -1.00307 1.82638 1.56682 0.938764 1.09823 1.00997 1.18333 1.24243 1.06779 1.32272 1.14935 1.19238 1.05958 1.48918 1.22805 1.18036 1.02369 1.5025 1.18448 -1.18039 -1.42524 -1.47777 4 -0.265919 -0.862582 -1.09128 -0.80619 1.49085 1.42377 1.31565 
-1.41786 -0.252742 -0.358218 -1.16799 -0.203931 -0.275995 0.245281 0.190174 -0.064884 -0.278648 0.352831 -0.0157636 -2.06369 -0.527312 -0.764998 -0.461257 -1.29091 -1.20548 0.706646 0.814228 -1.33997 -1.02373 0.210849 1.54292 0.925241 1.09823 1.0127 1.18333 1.22473 1.06779 1.30877 1.14935 1.15662 1.05958 1.47546 1.22805 1.14734 1.02369 1.49393 1.18448 -0.923968 -1.23133 -1.50724 1 -0.202568 -0.808923 -1.11945 -0.80619 0.78466 1.12857 1.12008 
-0.930086 -0.143964 -0.245811 -0.762533 -0.142743 -0.186272 0.589005 0.189722 -0.0286261 0.408623 0.311515 0.027312 -1.45199 -0.284109 -0.543138 -1.36645 -1.53747 -1.34353 0.124326 0.291277 -1.0846 -0.904821 -0.396559 1.96844 0.915663 1.09823 1.00954 1.18333 1.1817 1.06779 1.30801 1.14935 1.1156 1.05958 1.46496 1.22805 1.1117 1.02369 1.48137 1.18448 -0.631474 -1.11228 -1.51757 1 -0.455973 -0.889411 -1.14761 -0.80619 0.219705 0.833369 0.924517 
-0.0867577 -0.0721504 -0.0608668 -0.0476115 -0.0451088 -0.035643 0.613049 0.0989553 -0.0211869 0.771626 0.23193 0.078869 -0.15312 -0.177741 -0.179171 -2.21709 -1.77037 -1.49133 0.365201 0.39974 -0.738352 -0.514073 -0.253354 1.52369 0.912275 1.09823 0.999795 1.18333 1.11553 1.06779 1.30398 1.14935 1.06977 1.05958 1.4549 1.22805 1.07328 1.02369 1.46481 1.18448 -0.612698 -0.989526 -1.5476 2 -0.646027 -0.91624 -1.13353 -0.80619 -0.204012 0.538168 0.72895 
0.466415 -0.111924 0.139443 0.440398 -0.0625866 0.119601 0.371054 -0.0653873 -0.0274996 0.738938 0.0367456 0.125618 0.647006 -0.174187 0.366854 -2.60515 -1.71719 -1.54415 0.489931 0.625535 -0.708533 -0.491366 -0.0648743 1.14452 0.917902 1.09823 0.984594 1.18333 1.03971 1.06779 1.29875 1.14935 1.026 1.05958 1.43929 1.22805 1.03432 1.02369 1.44444 1.18448 -0.85087 -0.973652 -1.59257 1 -0.83608 -0.969899 -1.09128 -0.80619 -0.486489 0.242967 0.533384 
0.853489 -0.0785639 0.259395 0.737383 -0.0585369 0.204531 0.126139 -0.236681 -0.0191462 0.774835 -0.17494 0.154865 1.17563 -0.122011 0.827424 -2.90017 -1.82688 -1.61441 0.631015 0.739536 -0.881946 -0.591075 0.0955961 1.51478 0.930917 1.09823 0.967461 1.18333 0.957077 1.06779 1.29311 1.14935 0.98043 1.05958 1.42341 1.22805 0.994441 1.02369 1.42158 1.18448 -0.724774 -1.03589 -1.61144 2 -0.899432 -1.02356 -1.03495 -0.80619 -0.627728 -0.0522337 0.337818 
1.29447 -0.08177 0.233942 1.05965 -0.0444123 0.17437 -0.169725 -0.415127 -0.037418 0.625536 -0.342619 0.170015 1.86091 -0.102583 0.877087 -3.01957 -1.9226 -1.61268 0.767313 0.789239 -0.64463 -0.382741 0.230095 1.07235 0.944509 1.09823 0.953771 1.18333 0.872596 1.06779 1.27542 1.14935 0.933434 1.05958 1.40633 1.22805 0.955292 1.02369 1.39628 1.18448 -0.266798 -1.16116 -1.56419 2 -0.772729 -1.05039 -0.9927 -0.80619 -0.627728 -0.347435 0.142252 
1.35262 -0.0123114 0.154966 1.10605 -0.000342157 0.0950576 -0.694332 -0.506257 -0.0780024 0.0530912 -0.381303 0.116862 1.96742 0.133629 0.742497 -2.69022 -1.80871 -1.57583 1.02057 1.03739 -0.882591 -0.151763 0.756705 0.69188 0.955718 1.09823 0.944075 1.18333 0.798495 1.06779 1.2324 1.14935 0.889852 1.05958 1.38484 1.22805 0.917633 1.02369 1.36928 1.18448 0.0878953 -1.37293 -1.51503 2 -0.772729 -1.02356 -0.936368 -0.80619 -0.627728 -0.583595 -0.0533147 
0.708444 -0.00923514 0.0552926 0.575406 -0.008228 0.0197359 -0.969139 -0.525077 -0.148615 -0.502767 -0.405648 0.00770029 1.081 0.0976346 0.43193 -1.48857 -1.63916 -1.53565 1.68059 1.43243 -0.940534 -0.235687 2.69752 0.673684 0.961816 1.09823 0.940646 1.18333 0.757974 1.06779 1.16626 1.14935 0.850863 1.05958 1.36001 1.22805 0.881501 1.02369 1.3423 1.18448 0.14745 -1.45514 -1.47531 2 -0.772729 -0.969899 -0.894118 -0.80619 -0.627728 -0.760716 -0.248881 
-0.174984 -0.0825077 -0.0975745 -0.186819 -0.0432214 -0.0822413 -0.875147 -0.404942 -0.208025 -0.74825 -0.296734 -0.115636 -0.187686 -0.138449 -0.0762762 -0.63761 -1.49877 -1.38173 1.56446 1.35249 -1.13585 -0.580028 2.22274 0.683756 0.959828 1.09823 0.946342 1.18333 0.740834 1.06779 1.09048 1.14935 0.815693 1.05958 1.33175 1.22805 0.849351 1.02369 1.31419 1.18448 -0.207918 -1.45523 -1.4539 2 -0.646027 -0.862582 -0.865952 -0.80619 -0.627728 -0.878796 -0.444447 
-0.671687 0.0512042 -0.207221 -0.594746 0.0426811 -0.165621 -0.679998 -0.194271 -0.215898 -0.986734 -0.149679 -0.206048 -0.892718 0.479031 -0.380865 -0.378882 -1.27648 -1.20874 0.979508 0.986379 -1.33664 -0.543329 0.667297 0.613291 0.953128 1.09823 0.959518 1.18333 0.730823 1.06779 1.00788 1.14935 0.786077 1.05958 1.29745 1.22805 0.821498 1.02369 1.28342 1.18448 -0.600566 -1.38768 -1.46654 2 -0.646027 -0.701606 -0.851869 -0.80619 -0.627728 -0.937836 -0.640014 
-1.02714 0.107576 -0.270801 -0.842309 0.072324 -0.206793 -0.734455 -0.121515 -0.200142 -1.425 -0.154185 -0.228658 -1.36422 0.671845 -0.509714 0.16829 -1.09941 -1.1295 1.40545 1.20765 -0.963369 -0.362975 1.56989 0.841921 0.944548 1.09823 0.973276 1.18333 0.735331 1.06779 0.92344 1.14935 0.760876 1.05958 1.26191 1.22805 0.795813 1.02369 1.25109 1.18448 -0.196597 -1.28264 -1.58295 2 -0.582675 -0.540631 -0.822697 -0.80619 -0.627728 -0.937836 -0.83558 
-1.37607 -0.102109 -0.308959 -1.10101 -0.0767691 -0.23076 -0.545541 -0.106569 -0.171651 -1.3513 -0.0988062 -0.161166 -1.89397 0.130852 -0.546711 0.383911 -1.01384 -1.05345 1.27659 1.15066 -1.29112 -1.01466 1.2532 0.713365 0.935542 1.09823 0.984623 1.18333 0.745376 1.06779 0.849371 1.14935 0.737969 1.05958 1.22114 1.22805 0.772176 1.02369 1.21618 1.18448 0.572192 -1.23396 -1.67265 3 -0.582675 -0.486972 -0.77712 -0.80619 -0.627728 -0.937836 -0.992033 
-1.25456 -0.17505 -0.22309 -0.99155 -0.149711 -0.176772 -0.246161 -0.117137 -0.108697 -0.781048 -0.0496107 -0.0628308 -1.79372 -0.00172546 -0.267019 -0.0442843 -0.896126 -1.02021 0.412751 0.597647 -1.31677 -0.94294 -0.121043 1.19245 0.930934 1.09823 0.990797 1.18333 0.744207 1.06779 0.808868 1.14935 0.718002 1.05958 1.1756 1.22805 0.749628 1.02369 1.17855 1.18448 1.23404 -1.23894 -1.65252 3 -0.709378 -0.460143 -0.742725 -0.80619 -0.627728 -0.937836 -1.10937 
-0.353822 -0.0135337 -0.0292985 -0.259158 -0.0424326 -0.025453 0.193228 -0.0786921 -0.0607297 -0.012315 0.0022096 0.0130098 -0.415549 0.201534 0.0944913 -0.743736 -0.861641 -1.05443 -0.087983 0.114376 -1.14026 -0.946559 -0.511059 1.10512 0.931849 1.09823 0.988784 1.18333 0.725152 1.06779 0.791735 1.14935 0.699102 1.05958 1.13211 1.22805 0.726723 1.02369 1.1404 1.18448 1.50311 -1.30244 -1.60999 4 -0.772729 -0.460143 -0.723841 -0.80619 -0.627728 -0.937836 -1.1876 
0.582752 0.0956303 0.197284 0.512349 0.0639416 0.150222 0.582548 -0.00430164 0.00556609 0.692397 0.102431 0.141141 1.10006 0.329479 0.574785 -0.92927 -0.703196 -0.972583 0.385393 0.49805 -1.35333 -1.25852 -0.204167 0.53908 0.939934 1.09823 0.982002 1.18333 0.70169 1.06779 0.781729 1.14935 0.683905 1.05958 1.08682 1.22805 0.705894 1.02369 1.10135 1.18448 1.28647 -1.39237 -1.5479 3 -0.709378 -0.540631 -0.696955 -0.80619 -0.627728 -0.937836 -1.22671 
0.961552 0.229787 0.374026 0.797953 0.160946 0.26978 0.980494 0.16838 0.0877826 1.54916 0.388489 0.296842 1.5676 0.661693 1.02888 -0.933045 -0.497171 -0.866732 0.55981 0.716959 -1.53265 -1.4666 0.028928 0.757937 0.954627 1.09823 0.973316 1.18333 0.678506 1.06779 0.786235 1.14935 0.673334 1.05958 1.04012 1.22805 0.687586 1.02369 1.06301 1.18448 0.843765 -1.24864 -1.3579 3 -0.582675 -0.525725 -0.650011 -0.80619 -0.627728 -0.937836 -1.22671 
1.21749 0.341065 0.449367 0.931595 0.223274 0.319426 1.43185 0.365859 0.133691 2.26925 0.651465 0.399104 1.91857 0.982677 1.26846 -1.15199 -0.455817 -0.800468 0.742516 0.798357 -1.21235 -0.801297 0.219318 0.805082 0.972616 1.09823 0.964199 1.18333 0.650214 1.06779 0.796276 1.14935 0.663804 1.05958 0.996812 1.22805 0.670928 1.02369 1.02613 1.18448 0.81461 -0.893858 -1.04206 3 -0.455973 -0.500387 -0.637102 -0.80619 -0.627728 -0.937836 -1.22671 
1.39555 0.403865 0.403756 1.05317 0.268757 0.272913 1.16327 0.44267 0.158572 2.01965 0.754071 0.388356 2.1773 1.26111 1.31694 -1.2882 -0.444713 -0.642396 1.07698 1.03701 -1.09536 -0.307705 0.824636 0.574189 0.991032 1.09823 0.959534 1.18333 0.618987 1.06779 0.795107 1.14935 0.654654 1.05958 0.958066 1.22805 0.657752 1.02369 0.990741 1.18448 1.19024 -0.37847 -0.672914 2 -0.202568 -0.421815 -0.582278 -0.80619 -0.627728 -0.937836 -1.22671 
0.968072 0.357566 0.21479 0.7224 0.217206 0.112236 0.623586 0.341809 0.0930179 1.23646 0.579426 0.230043 1.44464 1.12558 0.739679 -0.640925 -0.375505 -0.50052 1.67016 1.46152 -0.591941 0.365748 2.84562 0.578872 1.0008 1.09823 0.960461 1.18333 0.604171 1.06779 0.77606 1.14935 0.647086 1.05958 0.923116 1.22805 0.64765 1.02369 0.959256 1.18448 2.0808 0.156619 -0.321912 4 -0.0758651 -0.370712 -0.542041 -0.80619 -0.627728 -0.937836 -1.22671 
0.0168702 0.0571904 -0.125618 -0.0565263 -0.0072741 -0.135331 -0.033934 0.0437038 -0.0702924 0.233214 0.210153 -0.00391515 -0.184931 -0.269272 -0.603324 0.0614197 -0.333137 -0.422828 1.87932 1.55839 -0.538533 0.22632 3.85311 0.683251 0.991098 1.09823 0.968645 1.18333 0.606732 1.06779 0.752609 1.14935 0.640508 1.05958 0.893686 1.22805 0.639262 1.02369 0.931978 1.18448 2.79126 0.667847 0.00341196 6 -0.265919 -0.460143 -0.612457 -0.80619 -0.627728 -0.937836 -1.22671 
-0.555449 -0.245164 -0.362621 -0.5018 -0.203704 -0.291407 -0.711719 -0.321811 -0.270868 -0.635823 -0.174378 -0.267894 -1.27967 -1.38775 -1.36518 0.0114494 -0.317651 -0.306018 1.23825 1.07949 -0.711985 0.0690319 1.25239 0.678086 0.970675 1.09823 0.983519 1.18333 0.608043 1.06779 0.729435 1.14935 0.634347 1.05958 0.868643 1.22805 0.633329 1.02369 0.906825 1.18448 3.16807 1.1218 0.271811 6 -0.519324 -0.621118 -0.711038 -0.80619 -0.627728 -0.937836 -1.22671 
-0.731195 -0.186104 -0.381962 -0.563361 -0.11719 -0.267558 -1.49103 -0.663593 -0.491016 -1.67462 -0.632486 -0.599259 -1.49566 -1.19785 -1.39604 0.459361 -0.0166291 -0.0631667 0.756686 0.705807 -0.83189 -0.0131482 0.25098 0.393988 0.950124 1.09823 1.00173 1.18333 0.620106 1.06779 0.701156 1.14935 0.634397 1.05958 0.845879 1.22805 0.632285 1.02369 0.883676 1.18448 3.10396 1.37845 0.396063 6 -0.814963 -0.817866 -0.837786 -0.80619 -0.627728 -0.937836 -1.22671 
-0.969056 -0.366748 -0.577475 -0.698277 -0.213967 -0.378707 -1.55953 -0.661172 -0.430388 -2.1819 -0.97224 -0.744907 -1.77865 -1.53475 -1.78333 1.40899 0.50687 0.309814 1.14108 1.04691 -1.58173 -0.750069 0.950058 0.46239 0.924439 1.09823 1.02037 1.18333 0.654651 1.06779 0.669942 1.14935 0.645002 1.05958 0.826037 1.22805 0.638573 1.02369 0.861594 1.18448 2.34384 1.31354 0.285127 6 -0.709378 -1.07722 -1.03495 -0.80619 -0.627728 -0.937836 -1.22671 
-1.32775 -0.884659 -0.847081 -0.978923 -0.587762 -0.580674 -1.17113 -0.493547 -0.279888 -2.05202 -1.03646 -0.727571 -2.14159 -2.46786 -2.11641 1.9501 0.982965 0.568267 0.898312 0.915456 -1.50612 -1.05656 0.508417 0.927678 0.89449 1.09823 1.03026 1.18333 0.701499 1.06779 0.655132 1.14935 0.664978 1.05958 0.807256 1.22805 0.649799 1.02369 0.839164 1.18448 1.13245 0.935085 0.00967578 5 -0.139216 -0.728436 -1.02087 -0.80619 -0.627728 -0.937836 -1.22671 
-1.09799 -1.05436 -0.78479 -0.795629 -0.73024 -0.538503 -0.736666 -0.427374 -0.245782 -1.51062 -1.01858 -0.688408 -1.61998 -2.70143 -1.90914 1.71664 1.02275 0.540872 0.441948 0.584978 -1.37376 -1.09702 -0.0919109 1.20634 0.89449 1.09823 1.02044 1.18333 0.701499 1.06779 0.657693 1.14935 0.664978 1.05958 0.792153 1.22805 0.649799 1.02369 0.818765 1.18448 -0.00376606 0.679308 -0.106354 3 -0.0758651 -0.701606 -0.978617 -0.80619 -0.627728 -0.937836 -1.22671 
